2.410640240791249653e+03
1.854938605275753616e+03
1.378829584060573325e+03
1.048841939927780686e+03
6.693879061192953941e+02
5.347037133007447665e+02
1.360876646633619202e+01
8.666011467859170807e+02
1.266567010244598350e+03
1.148218901488709207e+03
7.954309043563274599e+02
8.284667914161840372e+02
4.681405476949011017e+02
1.928059443107904656e+02
7.304942724433395824e+02
7.491746564475361083e+02
9.534905288090701561e+02
9.101901373483016187e+02
6.495648723771334971e+02
5.594878711807984928e+02
2.810158698166927707e+02
6.052377125409792598e+02
7.686736730005120535e+02
8.145876647841746490e+02
8.325470586662293044e+02
7.338471018243179742e+02
5.203696730544897946e+02
2.993829680364057708e+02
6.689909331863397028e+02
6.774465145349718114e+02
8.502661225075701168e+02
7.915652206798135921e+02
7.529566529755778674e+02
6.488696287221739567e+02
3.389088705003725863e+02
6.417680568115762298e+02
7.050953341833359218e+02
8.390005961984547866e+02
1.002010613384386943e+03
9.423269285843692842e+02
9.163561355632257346e+02
4.671212868507554390e+02
5.973829562941321001e+02
7.648991840037103884e+02
1.059051727520865370e+03
1.211575149201113845e+03
1.389865511733676840e+03
1.367825850601576576e+03
4.001868947791383562e+02
7.233422673826918299e+02
9.250627783572742828e+02
1.072486671943331658e+03
1.477114329033586273e+03
2.163238516021961459e+03
1.383258555182672353e+03
1.183343743386907136e+03
9.483545228429942426e+02
8.038972171096620514e+02
5.350567008305757781e+02
4.761519468339899959e+02
3.019418515514724277e+03
1.563343885489349987e+03
1.271750225487261787e+03
9.662302295765767894e+02
8.430336541719129855e+02
6.632691171809586876e+02
4.100984116502193046e+02
1.474786103938846281e+03
1.424678127631705820e+03
1.146493665584901464e+03
1.030474841708067515e+03
8.153193863110190023e+02
6.202562650374912891e+02
5.355663312526485242e+02
8.825016159545901928e+02
9.087599482930349950e+02
1.165111825250030961e+03
9.401285401303736080e+02
8.415959575854064951e+02
6.800601148578657558e+02
6.957299256062126460e+02
6.499253674382043755e+02
7.140315756133958303e+02
1.026208961225135454e+03
9.758069978537691895e+02
8.312112881641373860e+02
9.014834945542529567e+02
7.082840131408324851e+02
3.965143318667512631e+02
8.282994171192397062e+02
9.494467394309094743e+02
9.348251598673534772e+02
1.041656680868710737e+03
1.111048030370980086e+03
9.777360859264060764e+02
5.551018256775092823e+02
6.490080326784733415e+02
1.034220360364224234e+03
9.539347110186133705e+02
1.230146099589656160e+03
1.555554577455032586e+03
1.747669349811777693e+03
4.876578031838193965e+02
7.407448215660864435e+02
9.937299138639389184e+02
1.082434666686297533e+03
1.500664642495962653e+03
2.008396540867360500e+03
8.772196985009748005e+02
1.002177987681331274e+03
1.133440679032911248e+03
1.142806087610034638e+03
1.260652073475090901e+03
1.458477930432514540e+03
1.247737490879399957e+03
1.484903637067903674e+03
1.386917162816894233e+03
1.765286487568703933e+03
1.466121326979292462e+03
1.634831697361200440e+03
1.522176434270047594e+03
1.737841520089168853e+03
2.190683483501496539e+03
1.573225372235471696e+03
1.875903228971565568e+03
1.714291206626792246e+03
1.682951585130098920e+03
2.113262495924196173e+03
3.137534861545454532e+03
2.298242442371921243e+03
1.921147723567450839e+03
1.788836801031080313e+03
1.833898906267541633e+03
2.497492040637686387e+03
3.885426344730096389e+03
2.171210213415703038e+03
1.977056919370666719e+03
1.766305748412849653e+03
1.980951573387825420e+03
2.922889036570479220e+03
2.746063176875919453e+03
1.864401656279513645e+03
1.858468480574063506e+03
1.692779414852707532e+03
2.145621378265035219e+03
2.031109982845015111e+03
1.621291602980857306e+03
1.683970845974244412e+03
1.601635943535639626e+03
1.447813229225184159e+03
1.474238935860573292e+03
1.551659923437873886e+03
1.224489731796804563e+03
1.208495903859271721e+03
1.022361516484564163e+03
3.816052129858936723e+02
6.401812248640678717e+02
-4.087079243403001101e+02
5.812764708674820895e+02
1.687211017866105749e+02
-5.037825275464118135e+02
4.335650379641234622e+02
2.878191710052865346e+02
-1.008896541937137954e+02
-3.642026588024991156e+02
4.747324891834260256e+02
2.009780580430354462e+02
3.932247866091546484e+01
-1.585965073002978158e+02
-2.293328527510616937e+02
1.812569503852881212e+02
2.998818670537760340e+02
1.431718534987551266e+02
-8.297436950142270007e+00
-8.457481207949069812e+01
-1.872845446439128523e+02
2.008471616179758712e+01
-1.655504033500392325e-01
1.163711666319723577e+02
1.255408753461989591e+02
1.376086147096933985e+02
2.224513227386226788e+01
9.656068373605528166e+00
-2.733649657386746981e+02
-8.186014240373754092e+01
2.125021533288071680e+02
2.618011687075555187e+02
1.744321863872891356e+02
1.966392218163336167e+02
-3.997974293774223042e+02
-2.399503446818047223e+02
3.973190091373651853e+02
3.614839085217279262e+02
5.041247836715402855e+02
-4.982935340505046042e+02
1.593210347791449237e+02
5.412559530439220907e+02
6.673386530263014720e+02
-3.840653942900080438e+02
6.956580296467573135e+02
9.902429641844385060e+02
6.091677401251899937e+02
1.368768931828489713e+03
3.007080071337950358e+03
