-8.372921409318223596e-03
2.801876893499866128e-03
-5.647779267746955156e-03
-2.861739922082051635e-03
-2.942248305771499872e-03
-2.982858830364421010e-03
-3.069363796385005116e-03
-3.185548383044078946e-03
-3.323335084132850170e-03
-3.503836254822090268e-03
-3.773131989873945713e-03
-4.140113771427422762e-03
-4.443056241143494844e-03
-4.869066062383353710e-03
-5.186889320611953735e-03
-5.619887728244066238e-03
-5.805774359032511711e-03
-2.785073855193331838e-03
2.785343123832717538e-03
-2.808138029649853706e-03
-2.829731849487870932e-03
-2.879685052903369069e-03
-2.949516929220408201e-03
-3.031816420843824744e-03
-3.141132881864905357e-03
-3.273557755164802074e-03
-3.472833312116563320e-03
-3.696593805216252804e-03
-4.081214545294642448e-03
-4.482483083847910166e-03
-4.877760773524641991e-03
-5.325432342942804098e-03
-5.757855658885091543e-03
-5.973489489406347275e-03
-2.777234796667471528e-03
-2.751550346147269011e-03
-5.442642694106325507e-03
-2.781300543574616313e-03
-2.817934931954368949e-03
-2.846916351700201631e-03
-2.960385929327458143e-03
-2.995149960042908788e-03
-3.166656242683529854e-03
-3.349869046360254288e-03
-3.580209333449602127e-03
-3.921049588825553656e-03
-4.264997725840657949e-03
-4.917978541925549507e-03
-5.605712649412453175e-03
-6.120012199971824884e-03
-6.301236047875136137e-03
-2.774657448753714561e-03
-2.734234323725104332e-03
-2.674862160347402096e-03
-2.755133056780323386e-03
-2.704896352952346206e-03
-2.741739532211795449e-03
-2.863857051124796271e-03
-2.892468939535319805e-03
-3.133872523903846741e-03
-3.277603973401710391e-03
-3.534298157319426537e-03
-3.966328222304582596e-03
-4.243561037583276629e-03
-5.566945241298526525e-03
-6.600082502700388432e-03
-6.770853069610893726e-03
-6.687309360131621361e-03
-2.779137430479750037e-03
-2.739181101787835360e-03
-2.599311643280088902e-03
-2.714528935030102730e-03
-2.654629905009642243e-03
-2.692386537091806531e-03
-2.805285505019128323e-03
-2.814016741467639804e-03
-3.016502916580066085e-03
-3.140062588499858975e-03
-3.497041121590882540e-03
-4.056039906572550535e-03
-4.574303224217146635e-03
-7.188354618847370148e-03
-9.376201778650283813e-03
-7.243131462018936872e-03
-6.980231264606118202e-03
-2.788001409498974681e-03
-2.750088169705122709e-03
-2.716344752116128802e-03
-2.747273218119516969e-03
-2.719521871767938137e-03
-2.746782440226525068e-03
-2.785573102300986648e-03
-2.829190081683918834e-03
-3.010177286341786385e-03
-3.239248908357694745e-03
-3.504499734845012426e-03
-4.152190987952053547e-03
-4.912022792268544436e-03
-7.191378623247146606e-03
-9.173368278425186872e-03
-7.499526604078710079e-03
-6.761141878087073565e-03
-2.800667949486523867e-03
-2.763903496088460088e-03
-2.541369933169335127e-03
-2.730823965976014733e-03
-2.568457828601822257e-03
-2.539433247875422239e-03
-2.723842510022222996e-03
-2.560940978582948446e-03
-2.898746228311210871e-03
-3.050529485335573554e-03
-3.278879070421680808e-03
-3.744257846847176552e-03
-4.250352154485881329e-03
-5.924186785705387592e-03
-7.226679183077067137e-03
-6.464820588007569313e-03
-6.116917822510004044e-03
-2.812413469655439258e-03
-2.781998686259612441e-03
-2.724801539443433285e-03
-2.737712231464684010e-03
-2.687005966436117887e-03
-2.716457151109352708e-03
-2.749374951235949993e-03
-2.770268241874873638e-03
-2.884407003875821829e-03
-2.979040466016158462e-03
-3.191226569470018148e-03
-3.514906245982274413e-03
-3.834634117083624005e-03
-4.591759410686790943e-03
-5.074673448689281940e-03
-5.432060279417783022e-03
-5.378375819418579340e-03
-2.826423908118158579e-03
-2.792838844470679760e-03
-2.659265563124790788e-03
-2.737081405939534307e-03
-2.645730361109599471e-03
-2.630754344863817096e-03
-2.676811447599902749e-03
-2.669230336323380470e-03
-2.793660591123625636e-03
-2.777458925265818834e-03
-2.996568218804895878e-03
-3.241449187044054270e-03
-3.282476129243150353e-03
-3.878553339745849371e-03
-4.047322610858827829e-03
-4.340346727985888720e-03
-4.431579960510134697e-03
-2.844797854777425528e-03
-2.803629031404852867e-03
-2.605951041914522648e-03
-2.714196802116930485e-03
-2.611934818560257554e-03
-2.649095142260193825e-03
-2.657191973412409425e-03
-2.573567646322771907e-03
-2.745541394688189030e-03
-2.713289926759898663e-03
-2.771394239971414208e-03
-2.949397254269570112e-03
-2.814468200085684657e-03
-3.363710071425884962e-03
-3.357006702572107315e-03
-3.778789512580260634e-03
-3.827797598205506802e-03
-2.859112573787570000e-03
-2.828734868671745062e-03
-2.781320159556344151e-03
-2.770216495264321566e-03
-2.691346977371722460e-03
-2.655742020579054952e-03
-2.652784198289737105e-03
-2.633033727761358023e-03
-2.684732753550633788e-03
-2.678518503671512008e-03
-2.751598629401996732e-03
-2.836707455571740866e-03
-2.845124166924506426e-03
-3.001390723511576653e-03
-3.039635776076465845e-03
-3.346927696838974953e-03
-3.382197610335424542e-03
-2.883972309064120054e-03
-2.843287453288212419e-03
-2.637721074279397726e-03
-2.756162721198052168e-03
-2.620452520204707980e-03
-2.516903448849916458e-03
-2.581276174169033766e-03
-2.344050561077892780e-03
-2.609829913126304746e-03
-2.483452146407216787e-03
-2.508765697712078691e-03
-2.652783587109297514e-03
-2.498985792044550180e-03
-2.778316760668531060e-03
-2.828529424732550979e-03
-3.061579191125929356e-03
-3.166004986269399524e-03
-2.905275090597569942e-03
-2.877329527109395713e-03
-2.846290328307077289e-03
-2.834319107932969928e-03
-2.736901253229007125e-03
-2.610270312288776040e-03
-2.612943208077922463e-03
-2.561125322245061398e-03
-2.614335826365277171e-03
-2.624181855935603380e-03
-2.620062034111469984e-03
-2.654410782270133495e-03
-2.657842967892065644e-03
-2.740066731348633766e-03
-2.773260988760739565e-03
-2.943438652437180281e-03
-3.022375138243660331e-03
-2.910166484070941806e-03
-2.888463750423397869e-03
-2.805094118230044842e-03
-2.846359333489090204e-03
-2.669672539923340082e-03
-2.688688662601634860e-03
-2.646754961460828781e-03
-2.505457872757688165e-03
-2.556541032390668988e-03
-2.530113793909549713e-03
-2.551721583586186171e-03
-2.604675973998382688e-03
-2.472532447427511215e-03
-2.682863414520397782e-03
-2.677961630979552865e-03
-2.858911640942096710e-03
-2.907807443989440799e-03
-2.913489966886118054e-03
-2.904869586927816272e-03
-2.893910743296146393e-03
-2.849316755600739270e-03
-2.752036118181422353e-03
-2.684107312234118581e-03
-2.686641586478799582e-03
-2.540959540056064725e-03
-2.626906440127640963e-03
-2.592182077933102846e-03
-2.551195735577493906e-03
-2.619308565044775605e-03
-2.579196530859917402e-03
-2.655250951647758484e-03
-2.661385835381224751e-03
-2.787355624604970217e-03
-2.832498546922579408e-03
-2.910315990447998047e-03
-2.906327397795394063e-03
-2.890106785343959928e-03
-2.838597225490957499e-03
-2.776766486931592226e-03
-2.690560388145968318e-03
-2.697761316085234284e-03
-2.653400384588167071e-03
-2.641195023898035288e-03
-2.592036500573158264e-03
-2.617893478600308299e-03
-2.638555510202422738e-03
-2.605278423288837075e-03
-2.661498641828075051e-03
-2.664658008143305779e-03
-2.739916177233681083e-03
-2.786446799291297793e-03
-2.906653855461627245e-03
-2.901281171943992376e-03
-2.883168985135853291e-03
-2.856276754755526781e-03
-2.825416653649881482e-03
-2.785430056974291801e-03
-2.764246601145714521e-03
-2.728541818214580417e-03
-2.705033635720610619e-03
-2.680340752704069018e-03
-2.681517216842621565e-03
-2.684303035493940115e-03
-2.685683546587824821e-03
-2.692940470296889544e-03
-2.709552587475627661e-03
-2.740375959547236562e-03
-2.764948731055483222e-03
-2.903940883697941899e-03
-2.898921899031847715e-03
-2.883142326027154922e-03
-2.859676518710330129e-03
-2.832294238032773137e-03
-2.804306423058733344e-03
-2.777961984975263476e-03
-2.754061424639075994e-03
-2.730662090471014380e-03
-2.710425993427634239e-03
-2.702605735976248980e-03
-2.702622441574931145e-03
-2.700317389098927379e-03
-2.708528860239312053e-03
-2.720932621741667390e-03
-2.739152492722496390e-03
-2.754013170488178730e-03
