# X Y Z i
284214.50 5036142.40 -30.00 0.001639
284234.50 5036142.40 -30.00 0.001664
284254.50 5036142.40 -30.00 0.001597
284274.50 5036142.40 -30.00 0.000465
284294.50 5036142.40 -30.00 0.000656
284314.50 5036142.40 -30.00 0.000752
284334.50 5036142.40 -30.00 0.000839
284214.50 5036162.40 -30.00 0.001614
284234.50 5036162.40 -30.00 0.001652
284254.50 5036162.40 -30.00 0.001692
284274.50 5036162.40 -30.00 0.000840
284294.50 5036162.40 -30.00 0.001617
284314.50 5036162.40 -30.00 0.001628
284334.50 5036162.40 -30.00 0.001423
284214.50 5036182.40 -30.00 0.001577
284234.50 5036182.40 -30.00 0.001535
284254.50 5036182.40 -30.00 0.001727
284274.50 5036182.40 -30.00 0.001798
284294.50 5036182.40 -30.00 0.001439
284314.50 5036182.40 -30.00 0.001584
284334.50 5036182.40 -30.00 0.001714
284214.50 5036202.40 -30.00 0.001524
284234.50 5036202.40 -30.00 0.001548
284254.50 5036202.40 -30.00 0.001357
284274.50 5036202.40 -30.00 0.001596
284294.50 5036202.40 -30.00 0.001008
284314.50 5036202.40 -30.00 0.001323
284334.50 5036202.40 -30.00 0.001848
284214.50 5036222.40 -30.00 0.001417
284234.50 5036222.40 -30.00 0.001366
284254.50 5036222.40 -30.00 0.001495
284274.50 5036222.40 -30.00 0.001621
284294.50 5036222.40 -30.00 0.000879
284314.50 5036222.40 -30.00 0.000816
284334.50 5036222.40 -30.00 0.001926
284214.50 5036242.40 -30.00 0.001379
284234.50 5036242.40 -30.00 0.000102
284254.50 5036242.40 -30.00 0.001562
284274.50 5036242.40 -30.00 0.001605
284294.50 5036242.40 -30.00 0.001749
284314.50 5036242.40 -30.00 0.001532
284334.50 5036242.40 -30.00 0.001894
284214.50 5036262.40 -30.00 0.001497
284234.50 5036262.40 -30.00 0.001509
284254.50 5036262.40 -30.00 0.001479
284274.50 5036262.40 -30.00 0.001522
284294.50 5036262.40 -30.00 0.001544
284314.50 5036262.40 -30.00 0.001468
284334.50 5036262.40 -30.00 0.001669
284214.50 5036282.40 -30.00 0.001545
284234.50 5036282.40 -30.00 0.001541
284254.50 5036282.40 -30.00 0.001550
284274.50 5036282.40 -30.00 0.001572
284294.50 5036282.40 -30.00 0.001602
284314.50 5036282.40 -30.00 0.000003
284334.50 5036282.40 -30.00 0.001033
284214.50 5036302.40 -30.00 0.001540
284234.50 5036302.40 -30.00 0.001546
284254.50 5036302.40 -30.00 0.001552
284274.50 5036302.40 -30.00 0.000615
284294.50 5036302.40 -30.00 0.000568
284314.50 5036302.40 -30.00 0.000784
284334.50 5036302.40 -30.00 0.000826
284214.50 5036322.40 -30.00 0.001531
284234.50 5036322.40 -30.00 0.001165
284254.50 5036322.40 -30.00 0.001162
284274.50 5036322.40 -30.00 0.000993
284294.50 5036322.40 -30.00 0.000828
284314.50 5036322.40 -30.00 0.000762
284334.50 5036322.40 -30.00 0.000712
284214.50 5036342.40 -30.00 0.001022
284234.50 5036342.40 -30.00 0.001546
284254.50 5036342.40 -30.00 0.001653
284274.50 5036342.40 -30.00 0.001343
284294.50 5036342.40 -30.00 0.001000
284314.50 5036342.40 -30.00 0.000812
284334.50 5036342.40 -30.00 0.000689
284214.50 5036142.40 -26.00 0.001643
284234.50 5036142.40 -26.00 0.001702
284254.50 5036142.40 -26.00 0.001614
284274.50 5036142.40 -26.00 0.000619
284294.50 5036142.40 -26.00 0.000647
284314.50 5036142.40 -26.00 0.000806
284334.50 5036142.40 -26.00 0.000905
284214.50 5036162.40 -26.00 0.001617
284234.50 5036162.40 -26.00 0.001671
284254.50 5036162.40 -26.00 0.001716
284274.50 5036162.40 -26.00 0.001188
284294.50 5036162.40 -26.00 0.001948
284314.50 5036162.40 -26.00 0.001897
284334.50 5036162.40 -26.00 0.001570
284214.50 5036182.40 -26.00 0.001583
284234.50 5036182.40 -26.00 0.001512
284254.50 5036182.40 -26.00 0.001745
284274.50 5036182.40 -26.00 0.001817
284294.50 5036182.40 -26.00 0.001799
284314.50 5036182.40 -26.00 0.001879
284334.50 5036182.40 -26.00 0.001848
284214.50 5036202.40 -26.00 0.001521
284234.50 5036202.40 -26.00 0.001543
284254.50 5036202.40 -26.00 0.001301
284274.50 5036202.40 -26.00 0.001697
284294.50 5036202.40 -26.00 0.001328
284314.50 5036202.40 -26.00 0.001513
284334.50 5036202.40 -26.00 0.001944
284214.50 5036222.40 -26.00 0.001386
284234.50 5036222.40 -26.00 0.001311
284254.50 5036222.40 -26.00 0.001462
284274.50 5036222.40 -26.00 0.001618
284294.50 5036222.40 -26.00 0.001332
284314.50 5036222.40 -26.00 0.001052
284334.50 5036222.40 -26.00 0.002048
284214.50 5036242.40 -26.00 0.001333
284234.50 5036242.40 -26.00 0.000063
284254.50 5036242.40 -26.00 0.001562
284274.50 5036242.40 -26.00 0.001569
284294.50 5036242.40 -26.00 0.001690
284314.50 5036242.40 -26.00 0.001612
284334.50 5036242.40 -26.00 0.001979
284214.50 5036262.40 -26.00 0.001492
284234.50 5036262.40 -26.00 0.001511
284254.50 5036262.40 -26.00 0.001523
284274.50 5036262.40 -26.00 0.001510
284294.50 5036262.40 -26.00 0.001536
284314.50 5036262.40 -26.00 0.001748
284334.50 5036262.40 -26.00 0.001791
284214.50 5036282.40 -26.00 0.001546
284234.50 5036282.40 -26.00 0.001542
284254.50 5036282.40 -26.00 0.001553
284274.50 5036282.40 -26.00 0.001574
284294.50 5036282.40 -26.00 0.001611
284314.50 5036282.40 -26.00 0.001605
284334.50 5036282.40 -26.00 0.001122
284214.50 5036302.40 -26.00 0.001541
284234.50 5036302.40 -26.00 0.001546
284254.50 5036302.40 -26.00 0.001547
284274.50 5036302.40 -26.00 0.001143
284294.50 5036302.40 -26.00 0.000699
284314.50 5036302.40 -26.00 0.000847
284334.50 5036302.40 -26.00 0.000891
284214.50 5036322.40 -26.00 0.001536
284234.50 5036322.40 -26.00 0.001510
284254.50 5036322.40 -26.00 0.001351
284274.50 5036322.40 -26.00 0.001097
284294.50 5036322.40 -26.00 0.000890
284314.50 5036322.40 -26.00 0.000800
284334.50 5036322.40 -26.00 0.000741
284214.50 5036342.40 -26.00 0.001215
284234.50 5036342.40 -26.00 0.001785
284254.50 5036342.40 -26.00 0.001866
284274.50 5036342.40 -26.00 0.001436
284294.50 5036342.40 -26.00 0.001057
284314.50 5036342.40 -26.00 0.000839
284334.50 5036342.40 -26.00 0.000706
284214.50 5036142.40 -22.00 0.001630
284234.50 5036142.40 -22.00 0.001665
284254.50 5036142.40 -22.00 0.001658
284274.50 5036142.40 -22.00 0.000924
284294.50 5036142.40 -22.00 0.000619
284314.50 5036142.40 -22.00 0.000739
284334.50 5036142.40 -22.00 0.000933
284214.50 5036162.40 -22.00 0.001625
284234.50 5036162.40 -22.00 0.001671
284254.50 5036162.40 -22.00 0.001768
284274.50 5036162.40 -22.00 0.001677
284294.50 5036162.40 -22.00 0.002394
284314.50 5036162.40 -22.00 0.002149
284334.50 5036162.40 -22.00 0.001643
284214.50 5036182.40 -22.00 0.001586
284234.50 5036182.40 -22.00 0.001584
284254.50 5036182.40 -22.00 0.001753
284274.50 5036182.40 -22.00 0.001873
284294.50 5036182.40 -22.00 0.002112
284314.50 5036182.40 -22.00 0.002127
284334.50 5036182.40 -22.00 0.001948
284214.50 5036202.40 -22.00 0.001517
284234.50 5036202.40 -22.00 0.001540
284254.50 5036202.40 -22.00 0.001332
284274.50 5036202.40 -22.00 0.001734
284294.50 5036202.40 -22.00 0.001666
284314.50 5036202.40 -22.00 0.001830
284334.50 5036202.40 -22.00 0.002103
284214.50 5036222.40 -22.00 0.001355
284234.50 5036222.40 -22.00 0.001232
284254.50 5036222.40 -22.00 0.001420
284274.50 5036222.40 -22.00 0.001675
284294.50 5036222.40 -22.00 0.001757
284314.50 5036222.40 -22.00 0.001302
284334.50 5036222.40 -22.00 0.002246
284214.50 5036242.40 -22.00 0.001287
284234.50 5036242.40 -22.00 0.000094
284254.50 5036242.40 -22.00 0.001551
284274.50 5036242.40 -22.00 0.001636
284294.50 5036242.40 -22.00 0.001724
284314.50 5036242.40 -22.00 0.001571
284334.50 5036242.40 -22.00 0.002181
284214.50 5036262.40 -22.00 0.001490
284234.50 5036262.40 -22.00 0.001510
284254.50 5036262.40 -22.00 0.001497
284274.50 5036262.40 -22.00 0.001513
284294.50 5036262.40 -22.00 0.001613
284314.50 5036262.40 -22.00 0.001919
284334.50 5036262.40 -22.00 0.001908
284214.50 5036282.40 -22.00 0.001547
284234.50 5036282.40 -22.00 0.001464
284254.50 5036282.40 -22.00 0.001553
284274.50 5036282.40 -22.00 0.001582
284294.50 5036282.40 -22.00 0.001605
284314.50 5036282.40 -22.00 0.001621
284334.50 5036282.40 -22.00 0.001202
284214.50 5036302.40 -22.00 0.001543
284234.50 5036302.40 -22.00 0.001549
284254.50 5036302.40 -22.00 0.001552
284274.50 5036302.40 -22.00 0.001180
284294.50 5036302.40 -22.00 0.000799
284314.50 5036302.40 -22.00 0.000900
284334.50 5036302.40 -22.00 0.000913
284214.50 5036322.40 -22.00 0.001534
284234.50 5036322.40 -22.00 0.001809
284254.50 5036322.40 -22.00 0.001532
284274.50 5036322.40 -22.00 0.001227
284294.50 5036322.40 -22.00 0.000951
284314.50 5036322.40 -22.00 0.000833
284334.50 5036322.40 -22.00 0.000760
284214.50 5036342.40 -22.00 0.001471
284234.50 5036342.40 -22.00 0.002007
284254.50 5036342.40 -22.00 0.002079
284274.50 5036342.40 -22.00 0.001550
284294.50 5036342.40 -22.00 0.001102
284314.50 5036342.40 -22.00 0.000872
284334.50 5036342.40 -22.00 0.000720
284214.50 5036142.40 -18.00 0.001637
284234.50 5036142.40 -18.00 0.001702
284254.50 5036142.40 -18.00 0.001668
284274.50 5036142.40 -18.00 0.001198
284294.50 5036142.40 -18.00 0.000361
284314.50 5036142.40 -18.00 0.000624
284334.50 5036142.40 -18.00 0.001042
284214.50 5036162.40 -18.00 0.001670
284234.50 5036162.40 -18.00 0.001719
284254.50 5036162.40 -18.00 0.001804
284274.50 5036162.40 -18.00 0.002170
284294.50 5036162.40 -18.00 0.002935
284314.50 5036162.40 -18.00 0.002478
284334.50 5036162.40 -18.00 0.001800
284214.50 5036182.40 -18.00 0.001601
284234.50 5036182.40 -18.00 0.001644
284254.50 5036182.40 -18.00 0.001849
284274.50 5036182.40 -18.00 0.001251
284294.50 5036182.40 -18.00 0.002489
284314.50 5036182.40 -18.00 0.002469
284334.50 5036182.40 -18.00 0.002145
284214.50 5036202.40 -18.00 0.001511
284234.50 5036202.40 -18.00 0.001536
284254.50 5036202.40 -18.00 0.001396
284274.50 5036202.40 -18.00 0.001854
284294.50 5036202.40 -18.00 0.002088
284314.50 5036202.40 -18.00 0.002091
284334.50 5036202.40 -18.00 0.002254
284214.50 5036222.40 -18.00 0.001321
284234.50 5036222.40 -18.00 0.001120
284254.50 5036222.40 -18.00 0.001371
284274.50 5036222.40 -18.00 0.001554
284294.50 5036222.40 -18.00 0.002268
284314.50 5036222.40 -18.00 0.001679
284334.50 5036222.40 -18.00 0.002448
284214.50 5036242.40 -18.00 0.001232
284234.50 5036242.40 -18.00 0.000041
284254.50 5036242.40 -18.00 0.001534
284274.50 5036242.40 -18.00 0.001593
284294.50 5036242.40 -18.00 0.001568
284314.50 5036242.40 -18.00 0.001882
284334.50 5036242.40 -18.00 0.002358
284214.50 5036262.40 -18.00 0.001472
284234.50 5036262.40 -18.00 0.001504
284254.50 5036262.40 -18.00 0.001503
284274.50 5036262.40 -18.00 0.001526
284294.50 5036262.40 -18.00 0.001616
284314.50 5036262.40 -18.00 0.002132
284334.50 5036262.40 -18.00 0.002021
284214.50 5036282.40 -18.00 0.001546
284234.50 5036282.40 -18.00 0.001464
284254.50 5036282.40 -18.00 0.001557
284274.50 5036282.40 -18.00 0.001579
284294.50 5036282.40 -18.00 0.001606
284314.50 5036282.40 -18.00 0.001621
284334.50 5036282.40 -18.00 0.001276
284214.50 5036302.40 -18.00 0.001545
284234.50 5036302.40 -18.00 0.001548
284254.50 5036302.40 -18.00 0.001552
284274.50 5036302.40 -18.00 0.000838
284294.50 5036302.40 -18.00 0.000881
284314.50 5036302.40 -18.00 0.000968
284334.50 5036302.40 -18.00 0.000954
284214.50 5036322.40 -18.00 0.001536
284234.50 5036322.40 -18.00 0.001833
284254.50 5036322.40 -18.00 0.001680
284274.50 5036322.40 -18.00 0.001315
284294.50 5036322.40 -18.00 0.001000
284314.50 5036322.40 -18.00 0.000863
284334.50 5036322.40 -18.00 0.000779
284214.50 5036342.40 -18.00 0.001580
284234.50 5036342.40 -18.00 0.002223
284254.50 5036342.40 -18.00 0.002317
284274.50 5036342.40 -18.00 0.001661
284294.50 5036342.40 -18.00 0.001152
284314.50 5036342.40 -18.00 0.000891
284334.50 5036342.40 -18.00 0.000730
284214.50 5036142.40 -14.00 0.001641
284234.50 5036142.40 -14.00 0.001666
284254.50 5036142.40 -14.00 0.001694
284274.50 5036142.40 -14.00 0.001496
284294.50 5036142.40 -14.00 0.000276
284314.50 5036142.40 -14.00 0.000387
284334.50 5036142.40 -14.00 0.001052
284214.50 5036162.40 -14.00 0.001680
284234.50 5036162.40 -14.00 0.001740
284254.50 5036162.40 -14.00 0.001837
284274.50 5036162.40 -14.00 0.002777
284294.50 5036162.40 -14.00 0.003555
284314.50 5036162.40 -14.00 0.002935
284334.50 5036162.40 -14.00 0.001857
284214.50 5036182.40 -14.00 0.001615
284234.50 5036182.40 -14.00 0.001710
284254.50 5036182.40 -14.00 0.001802
284274.50 5036182.40 -14.00 0.001800
284294.50 5036182.40 -14.00 0.002792
284314.50 5036182.40 -14.00 0.002756
284334.50 5036182.40 -14.00 0.002242
284214.50 5036202.40 -14.00 0.001512
284234.50 5036202.40 -14.00 0.001541
284254.50 5036202.40 -14.00 0.001437
284274.50 5036202.40 -14.00 0.001941
284294.50 5036202.40 -14.00 0.002470
284314.50 5036202.40 -14.00 0.002333
284334.50 5036202.40 -14.00 0.002366
284214.50 5036222.40 -14.00 0.001282
284234.50 5036222.40 -14.00 0.000966
284254.50 5036222.40 -14.00 0.001309
284274.50 5036222.40 -14.00 0.001502
284294.50 5036222.40 -14.00 0.002652
284314.50 5036222.40 -14.00 0.001815
284334.50 5036222.40 -14.00 0.002624
284214.50 5036242.40 -14.00 0.001178
284234.50 5036242.40 -14.00 0.000062
284254.50 5036242.40 -14.00 0.001507
284274.50 5036242.40 -14.00 0.001584
284294.50 5036242.40 -14.00 0.001485
284314.50 5036242.40 -14.00 0.002206
284334.50 5036242.40 -14.00 0.002566
284214.50 5036262.40 -14.00 0.001451
284234.50 5036262.40 -14.00 0.001499
284254.50 5036262.40 -14.00 0.001522
284274.50 5036262.40 -14.00 0.001532
284294.50 5036262.40 -14.00 0.001538
284314.50 5036262.40 -14.00 0.002363
284334.50 5036262.40 -14.00 0.002130
284214.50 5036282.40 -14.00 0.001548
284234.50 5036282.40 -14.00 0.001464
284254.50 5036282.40 -14.00 0.001558
284274.50 5036282.40 -14.00 0.001574
284294.50 5036282.40 -14.00 0.001605
284314.50 5036282.40 -14.00 0.001615
284334.50 5036282.40 -14.00 0.001346
284214.50 5036302.40 -14.00 0.001546
284234.50 5036302.40 -14.00 0.001551
284254.50 5036302.40 -14.00 0.001556
284274.50 5036302.40 -14.00 0.001209
284294.50 5036302.40 -14.00 0.000943
284314.50 5036302.40 -14.00 0.001022
284334.50 5036302.40 -14.00 0.000988
284214.50 5036322.40 -14.00 0.001541
284234.50 5036322.40 -14.00 0.001979
284254.50 5036322.40 -14.00 0.001813
284274.50 5036322.40 -14.00 0.001391
284294.50 5036322.40 -14.00 0.001050
284314.50 5036322.40 -14.00 0.000887
284334.50 5036322.40 -14.00 0.000792
284214.50 5036342.40 -14.00 0.001667
284234.50 5036342.40 -14.00 0.002440
284254.50 5036342.40 -14.00 0.002564
284274.50 5036342.40 -14.00 0.001750
284294.50 5036342.40 -14.00 0.001190
284314.50 5036342.40 -14.00 0.000902
284334.50 5036342.40 -14.00 0.000737
284214.50 5036142.40 -10.00 0.001640
284234.50 5036142.40 -10.00 0.001677
284254.50 5036142.40 -10.00 0.001700
284274.50 5036142.40 -10.00 0.001801
284294.50 5036142.40 -10.00 0.001162
284314.50 5036142.40 -10.00 0.000000
284334.50 5036142.40 -10.00 0.001029
284214.50 5036162.40 -10.00 0.001692
284234.50 5036162.40 -10.00 0.001715
284254.50 5036162.40 -10.00 0.001928
284274.50 5036162.40 -10.00 0.003417
284294.50 5036162.40 -10.00 0.004396
284314.50 5036162.40 -10.00 0.003402
284334.50 5036162.40 -10.00 0.001970
284214.50 5036182.40 -10.00 0.001634
284234.50 5036182.40 -10.00 0.001781
284254.50 5036182.40 -10.00 0.001961
284274.50 5036182.40 -10.00 0.002430
284294.50 5036182.40 -10.00 0.003105
284314.50 5036182.40 -10.00 0.003039
284334.50 5036182.40 -10.00 0.002413
284214.50 5036202.40 -10.00 0.001520
284234.50 5036202.40 -10.00 0.001556
284254.50 5036202.40 -10.00 0.001615
284274.50 5036202.40 -10.00 0.002101
284294.50 5036202.40 -10.00 0.002895
284314.50 5036202.40 -10.00 0.002596
284334.50 5036202.40 -10.00 0.002510
284214.50 5036222.40 -10.00 0.001249
284234.50 5036222.40 -10.00 0.000760
284254.50 5036222.40 -10.00 0.001212
284274.50 5036222.40 -10.00 0.001521
284294.50 5036222.40 -10.00 0.003004
284314.50 5036222.40 -10.00 0.002105
284334.50 5036222.40 -10.00 0.002830
284214.50 5036242.40 -10.00 0.001134
284234.50 5036242.40 -10.00 0.000033
284254.50 5036242.40 -10.00 0.001479
284274.50 5036242.40 -10.00 0.001585
284294.50 5036242.40 -10.00 0.001508
284314.50 5036242.40 -10.00 0.002527
284334.50 5036242.40 -10.00 0.002757
284214.50 5036262.40 -10.00 0.001450
284234.50 5036262.40 -10.00 0.001496
284254.50 5036262.40 -10.00 0.001523
284274.50 5036262.40 -10.00 0.001535
284294.50 5036262.40 -10.00 0.001554
284314.50 5036262.40 -10.00 0.002540
284334.50 5036262.40 -10.00 0.002217
284214.50 5036282.40 -10.00 0.001458
284234.50 5036282.40 -10.00 0.001465
284254.50 5036282.40 -10.00 0.001558
284274.50 5036282.40 -10.00 0.001581
284294.50 5036282.40 -10.00 0.001607
284314.50 5036282.40 -10.00 0.001622
284334.50 5036282.40 -10.00 0.001690
284214.50 5036302.40 -10.00 0.001543
284234.50 5036302.40 -10.00 0.001548
284254.50 5036302.40 -10.00 0.001553
284274.50 5036302.40 -10.00 0.001281
284294.50 5036302.40 -10.00 0.000985
284314.50 5036302.40 -10.00 0.001057
284334.50 5036302.40 -10.00 0.001006
284214.50 5036322.40 -10.00 0.001538
284234.50 5036322.40 -10.00 0.002205
284254.50 5036322.40 -10.00 0.001908
284274.50 5036322.40 -10.00 0.001450
284294.50 5036322.40 -10.00 0.001069
284314.50 5036322.40 -10.00 0.000908
284334.50 5036322.40 -10.00 0.000785
284214.50 5036342.40 -10.00 0.001777
284234.50 5036342.40 -10.00 0.002606
284254.50 5036342.40 -10.00 0.002799
284274.50 5036342.40 -10.00 0.001823
284294.50 5036342.40 -10.00 0.001205
284314.50 5036342.40 -10.00 0.000927
284334.50 5036342.40 -10.00 0.000755
284214.50 5036142.40 -6.00 0.001642
284234.50 5036142.40 -6.00 0.001706
284254.50 5036142.40 -6.00 0.001748
284274.50 5036142.40 -6.00 0.002168
284294.50 5036142.40 -6.00 0.000000
284314.50 5036142.40 -6.00 0.000296
284334.50 5036142.40 -6.00 0.001052
284214.50 5036162.40 -6.00 0.001614
284234.50 5036162.40 -6.00 0.001752
284254.50 5036162.40 -6.00 0.001929
284274.50 5036162.40 -6.00 0.004029
284294.50 5036162.40 -6.00 0.005354
284314.50 5036162.40 -6.00 0.004113
284334.50 5036162.40 -6.00 0.002012
284214.50 5036182.40 -6.00 0.001654
284234.50 5036182.40 -6.00 0.001872
284254.50 5036182.40 -6.00 0.002047
284274.50 5036182.40 -6.00 0.002919
284294.50 5036182.40 -6.00 0.003316
284314.50 5036182.40 -6.00 0.003273
284334.50 5036182.40 -6.00 0.002476
284214.50 5036202.40 -6.00 0.001534
284234.50 5036202.40 -6.00 0.001537
284254.50 5036202.40 -6.00 0.001800
284274.50 5036202.40 -6.00 0.002233
284294.50 5036202.40 -6.00 0.003294
284314.50 5036202.40 -6.00 0.002699
284334.50 5036202.40 -6.00 0.002652
284214.50 5036222.40 -6.00 0.001224
284234.50 5036222.40 -6.00 0.000461
284254.50 5036222.40 -6.00 0.001085
284274.50 5036222.40 -6.00 0.001736
284294.50 5036222.40 -6.00 0.003245
284314.50 5036222.40 -6.00 0.002357
284334.50 5036222.40 -6.00 0.002979
284214.50 5036242.40 -6.00 0.001095
284234.50 5036242.40 -6.00 0.000015
284254.50 5036242.40 -6.00 0.001446
284274.50 5036242.40 -6.00 0.001582
284294.50 5036242.40 -6.00 0.001592
284314.50 5036242.40 -6.00 0.002748
284334.50 5036242.40 -6.00 0.002960
284214.50 5036262.40 -6.00 0.001450
284234.50 5036262.40 -6.00 0.001493
284254.50 5036262.40 -6.00 0.001520
284274.50 5036262.40 -6.00 0.001537
284294.50 5036262.40 -6.00 0.001559
284314.50 5036262.40 -6.00 0.002707
284334.50 5036262.40 -6.00 0.002288
284214.50 5036282.40 -6.00 0.001458
284234.50 5036282.40 -6.00 0.001464
284254.50 5036282.40 -6.00 0.001474
284274.50 5036282.40 -6.00 0.001580
284294.50 5036282.40 -6.00 0.001606
284314.50 5036282.40 -6.00 0.001601
284334.50 5036282.40 -6.00 0.001719
284214.50 5036302.40 -6.00 0.001543
284234.50 5036302.40 -6.00 0.001551
284254.50 5036302.40 -6.00 0.001556
284274.50 5036302.40 -6.00 0.001217
284294.50 5036302.40 -6.00 0.001018
284314.50 5036302.40 -6.00 0.001070
284334.50 5036302.40 -6.00 0.001015
284214.50 5036322.40 -6.00 0.001541
284234.50 5036322.40 -6.00 0.002134
284254.50 5036322.40 -6.00 0.001975
284274.50 5036322.40 -6.00 0.001484
284294.50 5036322.40 -6.00 0.001100
284314.50 5036322.40 -6.00 0.000910
284334.50 5036322.40 -6.00 0.000822
284214.50 5036342.40 -6.00 0.001833
284234.50 5036342.40 -6.00 0.002786
284254.50 5036342.40 -6.00 0.002992
284274.50 5036342.40 -6.00 0.001881
284294.50 5036342.40 -6.00 0.001238
284314.50 5036342.40 -6.00 0.000932
284334.50 5036342.40 -6.00 0.000764
284214.50 5036142.40 -2.00 0.001641
284234.50 5036142.40 -2.00 0.001710
284254.50 5036142.40 -2.00 0.001774
284274.50 5036142.40 -2.00 0.002271
284294.50 5036142.40 -2.00 0.000130
284314.50 5036142.40 -2.00 0.000000
284334.50 5036142.40 -2.00 0.001038
284214.50 5036162.40 -2.00 0.001618
284234.50 5036162.40 -2.00 0.001761
284254.50 5036162.40 -2.00 0.001987
284274.50 5036162.40 -2.00 0.004557
284294.50 5036162.40 -2.00 0.006445
284314.50 5036162.40 -2.00 0.004750
284334.50 5036162.40 -2.00 0.002083
284214.50 5036182.40 -2.00 0.001666
284234.50 5036182.40 -2.00 0.001943
284254.50 5036182.40 -2.00 0.001993
284274.50 5036182.40 -2.00 0.003230
284294.50 5036182.40 -2.00 0.003447
284314.50 5036182.40 -2.00 0.003436
284334.50 5036182.40 -2.00 0.002556
284214.50 5036202.40 -2.00 0.001553
284234.50 5036202.40 -2.00 0.001625
284254.50 5036202.40 -2.00 0.001964
284274.50 5036202.40 -2.00 0.002086
284294.50 5036202.40 -2.00 0.003529
284314.50 5036202.40 -2.00 0.002804
284334.50 5036202.40 -2.00 0.002655
284214.50 5036222.40 -2.00 0.001212
284234.50 5036222.40 -2.00 0.000000
284254.50 5036222.40 -2.00 0.000949
284274.50 5036222.40 -2.00 0.001797
284294.50 5036222.40 -2.00 0.003419
284314.50 5036222.40 -2.00 0.002566
284334.50 5036222.40 -2.00 0.003035
284214.50 5036242.40 -2.00 0.001073
284234.50 5036242.40 -2.00 0.000013
284254.50 5036242.40 -2.00 0.001431
284274.50 5036242.40 -2.00 0.001587
284294.50 5036242.40 -2.00 0.001611
284314.50 5036242.40 -2.00 0.002969
284334.50 5036242.40 -2.00 0.003044
284214.50 5036262.40 -2.00 0.001444
284234.50 5036262.40 -2.00 0.001490
284254.50 5036262.40 -2.00 0.001518
284274.50 5036262.40 -2.00 0.001546
284294.50 5036262.40 -2.00 0.001561
284314.50 5036262.40 -2.00 0.002757
284334.50 5036262.40 -2.00 0.002314
284214.50 5036282.40 -2.00 0.001457
284234.50 5036282.40 -2.00 0.001465
284254.50 5036282.40 -2.00 0.001474
284274.50 5036282.40 -2.00 0.001580
284294.50 5036282.40 -2.00 0.001615
284314.50 5036282.40 -2.00 0.001623
284334.50 5036282.40 -2.00 0.001728
284214.50 5036302.40 -2.00 0.001543
284234.50 5036302.40 -2.00 0.001551
284254.50 5036302.40 -2.00 0.001548
284274.50 5036302.40 -2.00 0.001123
284294.50 5036302.40 -2.00 0.001032
284314.50 5036302.40 -2.00 0.001080
284334.50 5036302.40 -2.00 0.001010
284214.50 5036322.40 -2.00 0.001541
284234.50 5036322.40 -2.00 0.002162
284254.50 5036322.40 -2.00 0.002009
284274.50 5036322.40 -2.00 0.001520
284294.50 5036322.40 -2.00 0.001113
284314.50 5036322.40 -2.00 0.000928
284334.50 5036322.40 -2.00 0.000827
284214.50 5036342.40 -2.00 0.001890
284234.50 5036342.40 -2.00 0.002861
284254.50 5036342.40 -2.00 0.003057
284274.50 5036342.40 -2.00 0.001909
284294.50 5036342.40 -2.00 0.001240
284314.50 5036342.40 -2.00 0.000940
284334.50 5036342.40 -2.00 0.000760
