-6.984853259703729944e-02
-3.904972209836363173e-02
-1.189742627473279295e-02
-8.641838951470476619e-04
-4.525065714045936952e-03
-1.807238877029489904e-03
-2.148941535223453797e-03
-9.070044217680449383e-03
9.850151924781086477e-04
-3.087962218197683531e-04
-2.816457451409987850e-02
-2.204675236925155227e-02
-2.402385321248170363e-03
1.350649924464324310e-03
2.559265202246249933e-03
4.379957895892186252e-03
-4.230257416463802100e-04
-4.919560375241067290e-03
3.957455144414247401e-03
4.887467272338511491e-03
8.981771824311424179e-03
8.819140103913724466e-03
9.614983846421478603e-03
1.665686661399650229e-02
1.499329132538988751e-02
1.089908645265132495e-02
1.838525976657178970e-02
-4.912170614120373036e-05
-1.539148691013847436e-03
3.253512049480038193e-03
3.876384065883319713e-03
4.704215302506420393e-03
-1.246451241305987674e-02
1.897686899843894007e-02
1.710920390362416846e-02
1.653009726066871979e-02
1.327576889795730776e-02
9.970891235793510540e-03
7.821297941057661976e-03
-4.607339378634428399e-04
-2.039141500710587793e-02
8.433658410724281101e-03
1.039888706297471821e-02
1.272837390400823575e-02
1.375638672906755698e-02
1.495730437157625527e-02
1.365192816471131818e-02
1.034792655451306082e-02
1.446835504573432130e-02
5.330964639545115319e-03
4.206904288195834410e-03
9.270952693864464855e-04
8.811096197846722544e-03
-2.430946601460690082e-04
1.059096752284237331e-03
-4.736180043666094602e-03
7.965121751919726489e-03
6.906819682821065121e-03
7.947566096729218044e-03
8.651926395962076383e-03
6.027251955923866936e-03
-2.718319705455214501e-03
7.068675383335434534e-03
2.328196445805733733e-03
3.448180661874820051e-03
4.629509986039642699e-03
7.437458382922014499e-03
1.603907265775043368e-03
-1.408784733825382135e-03
7.493840857457943067e-03
3.233396696840425133e-03
1.525910061524112654e-02
1.814908181177784727e-02
2.118972174946118225e-02
7.054194896771914802e-02
4.459118910505698724e-02
2.332429817699467611e-02
1.221514841110546597e-02
6.512549146907152531e-03
8.355892450614084421e-03
6.528801934307780323e-03
4.675610371502015965e-03
5.585542062369872919e-03
4.923950994414592192e-03
4.651732689013450897e-03
3.696148486555010052e-03
3.832065498162517698e-03
5.397433096236583031e-03
4.941034263341751581e-03
4.545099214551000591e-03
3.365240524051356374e-03
4.101815533815722503e-03
8.149505621719531356e-03
9.250872545276449255e-03
1.698310654035631306e-02
2.429822061599730409e-02
6.796138428636397388e-02
-1.496301877681449177e+00
6.465637526719780412e-03
1.061917914904961582e-02
1.269536742152704498e-02
1.412517295535167978e-02
1.151656765222100302e-02
1.895403044374725787e-02
2.016420742293598481e-02
1.381216694440205381e-02
2.814026629208151581e-03
-1.237515866966986539e-02
4.586937416679996195e-03
9.765229980014491704e-03
1.090897084059021770e-02
1.368924654197008380e-02
1.507210590915205109e-02
8.950275813434868666e-03
1.413410088969625084e-02
1.030107544472749423e-02
1.311489429490613964e-02
1.165642214610998484e-02
5.467379606574986062e-03
-6.934240933282830727e-03
-2.903923543826846670e-02
9.999999968259984598e+03
-4.537764110913608496e-08
6.526847969774548705e-07
3.029525323343853897e-06
3.019718474891219567e-05
-1.016926237632124326e-05
-7.421613753304939098e-06
6.992074100750106125e-06
1.862908793824537035e-06
2.475441916339241836e-06
4.446887741027343960e-06
5.616811482199804157e-05
5.547100944703955023e-05
3.712439633599099614e-05
1.410804641200742051e-05
9.787919194270781062e-07
4.478209883541028023e-06
3.024380219722653499e-06
-5.995239260412269899e-06
4.190740728335464919e-05
3.563058015893071225e-05
1.634705937809600141e-05
-4.098293476895827818e-07
-3.435061820157429054e-07
1.333299849878530916e-06
1.033124690314973665e-05
4.377062831162012864e-05
3.083686396614588644e-05
1.590503821598774164e-05
-4.009969630188324106e-06
-1.087553088042430050e-05
-5.316262925269068813e-06
-2.341073740020745901e-06
5.497500225315421431e-05
3.181859605024215531e-05
2.089490419699130131e-05
-6.001783986862044919e-06
-1.297133466111531682e-06
-1.305571520971622883e-06
-3.854462981477883680e-07
-6.987526123823919550e-06
1.593293401298369121e-05
1.933401595290910367e-05
-1.134851849747349939e-06
-1.925810032726949319e-07
1.312527142570256590e-06
5.991281243926995783e-08
1.299088226434657754e-06
2.756799201314372782e-05
1.429437900202339817e-05
9.148094477167179636e-08
-2.806596086453065153e-06
2.540994682966106174e-07
2.063902753852761411e-07
1.527694709665493430e-07
6.589409612612842247e-05
9.812969615346153887e-06
2.033218632544237414e-07
1.449479792770854000e-07
3.687175811516245046e-08
1.920868613146761066e-05
1.234794362004207659e-05
7.341412568776889709e-06
5.194884247981392008e-06
2.434714931223641912e-07
2.811244772051256152e-05
2.077322827988188771e-05
1.277691232147535206e-05
7.009970063978102978e-06
4.035132914310894428e-06
2.646862568266963368e-06
2.181584082360653822e-05
2.762721770688743813e-05
2.731842121888044896e-05
1.261950920458183961e-05
6.006787571573610440e-06
3.026439114391889695e-06
1.597004074818851607e-06
-2.136623883381555660e-07
-1.089016788511237312e-06
2.181888636039202472e-06
2.298699852086757945e-05
-9.926173916176949175e-06
-1.015178802291144547e-05
3.970940499553861309e-06
1.729495774858195404e-06
1.638439688540283597e-06
3.325596535053165510e-06
4.007215834107144065e-05
4.029492307520811194e-05
2.483291201282464484e-05
7.251032584756320109e-06
7.588891665606946574e-07
5.567659519925206759e-06
2.159362215218049014e-06
-6.677997686142269056e-06
2.515874980572620066e-05
2.195803277049204456e-05
1.014592359529738804e-05
-2.622209646191048823e-07
-1.037342101774328239e-07
4.006929607475668350e-06
5.726851380740950953e-06
2.892493604499200827e-05
2.183315254237705802e-05
1.137660006053485160e-05
-2.573230624587255044e-06
-8.385845701110278510e-06
-3.793269551111509285e-06
-2.424467115788129926e-06
3.382438911857982603e-05
2.075815598217187435e-05
1.516367672173898619e-05
-3.904204085619499703e-06
9.672575803742669108e-08
-1.354044259024560367e-06
1.139331776093310323e-06
-4.460952976548552759e-06
1.282004587817336038e-05
1.540228422111102839e-05
-9.146147096072942387e-07
-2.890794732262144283e-07
-6.593721435526494513e-07
6.570570643462129903e-07
1.458654397844322194e-06
1.458245062204301356e-05
8.587146454607899105e-06
4.706722181160107087e-08
-2.737367322552855103e-06
1.212599059629906341e-07
7.963904022290963945e-08
-2.399100588199040512e-07
-8.870918651506879820e-06
5.660109403506738033e-06
1.142043651037168107e-07
1.429194195099402730e-07
2.901924012200194096e-07
-5.270172036977215720e-06
6.202977372677974724e-06
4.426162168991463135e-06
2.198246420927264561e-06
2.948984443425716698e-08
1.170927738277563587e-05
1.189476399719292083e-05
7.832277415610013944e-06
4.064737041542876360e-06
2.235776944346767723e-06
1.278815109538673149e-06
1.252832900014329694e-05
1.646203855570922269e-05
1.747315909080617577e-05
8.234868463513840867e-06
3.376637156665826864e-06
1.732462969094196589e-06
7.917366280565901304e-07
4.245401412616820911e-07
5.238786481153402869e-07
-5.894642642367592562e-07
1.320694733760070794e-06
-5.714185113495990264e-06
-4.961235338249483500e-06
9.042894731797710968e-07
8.684639767535552442e-07
9.961579405312812855e-07
-2.099726008032576775e-07
3.624448549304406923e-06
5.893248586371911441e-06
4.141035696650510007e-06
5.000304424781674365e-07
3.561171266500346225e-07
9.874789382468591873e-07
9.374800035549847870e-07
-6.607775506741783548e-06
5.345524686892644695e-07
1.802510399378273297e-06
1.485006244676180011e-06
2.052987724187948582e-08
1.010048785105572395e-07
2.006820382232992958e-06
1.537449563092050666e-06
2.541204818775602472e-06
-4.304336321981635334e-07
2.799868685008743800e-08
-1.748377586011879499e-07
-2.032748787159416770e-06
-5.400861383692831053e-07
-4.290979673551403558e-06
8.346718073170034959e-07
1.223172574327453018e-06
8.182905977681436327e-07
-2.795099174817354927e-07
-6.786441798049536337e-07
-4.999069741539729768e-07
-1.905620358268338729e-06
-4.194235032218514628e-06
1.050888262094220254e-05
1.155996864521849463e-06
-5.511737051293297794e-07
-2.138614529635280456e-07
3.119167894619236494e-07
4.520880572459517522e-07
-2.471341566369423853e-06
1.898000161363125066e-07
-2.576600705000563641e-07
-3.144405508784627783e-08
1.568668665878529078e-06
4.372020423962913720e-08
-3.304296182437768421e-07
-1.680052954580442490e-08
-2.220310780502462951e-05
-3.650831721274501386e-07
-1.639671060500735595e-09
-3.613191956010542620e-08
3.328414708509075870e-08
-9.879758717825591055e-06
-1.320777315057868550e-06
1.921380999430081973e-07
-4.196080996900930114e-08
8.575489443530225075e-08
-8.317382358492735940e-06
-1.425738614725331527e-06
-1.220024371625755505e-06
-4.193747290653272882e-07
-2.408494337984034596e-07
-2.243500450711252226e-07
-4.436136497300898623e-06
-4.287055859111533985e-07
9.699249815979321069e-07
-1.194403661972326478e-07
-1.360010798963652546e-07
-4.879504642796082369e-07
-2.176850940107996472e-07
9.058181379699068413e-08
-8.430568141631206158e-07
-1.833523493152195609e-07
5.102687127245909620e-07
1.598627117035744533e-05
-6.851374968503888037e-06
-2.729685600374758458e-06
-6.667577476421969311e-07
-8.799649602869442618e-07
4.787750026815279286e-07
4.409658052946407894e-06
6.978189478227636404e-06
5.543971896803106137e-06
-1.510484730895055125e-06
1.957661188385219722e-07
1.012183799907988421e-07
-8.831422262581939929e-07
3.172077922593509382e-05
-1.527684362809857968e-06
-6.521917227023365507e-07
-1.063715201448818255e-06
3.142221024102996021e-07
4.286777170120365248e-07
1.534786169040521441e-06
9.895828649820689622e-07
3.923105137937062462e-07
-1.127384766277396942e-06
-9.958657063459375441e-07
-1.213744006359698140e-07
-2.599204702146475652e-06
-9.975479264766963549e-07
8.763245008086122936e-07
-3.599250338914749474e-06
-4.389804883343481937e-06
-4.055879480572991205e-07
5.130057388949143008e-08
3.752219388252117737e-07
-4.480305560261335879e-07
-2.050531758973967084e-07
1.330333755298608275e-06
5.217219975654134676e-06
4.869889489246456140e-07
-6.629753727121101992e-08
-1.281108665631997424e-08
6.265442617877959057e-07
-1.339099265927802410e-07
-2.472698533993919186e-06
4.670634259789269204e-07
-4.932537374784128938e-07
-1.199133346858220273e-06
1.068517197043768348e-06
-6.950521967430547217e-08
-7.149485679085269265e-08
5.865487628704693732e-08
-2.569829301591261008e-07
3.515372558398562909e-06
-7.902825333259288912e-08
-1.430181807272841226e-08
-2.641946129824501027e-08
1.502456349211321043e-05
-1.177423738063726813e-06
-5.190784618884481359e-07
-2.157945057787438660e-07
7.146660195831734935e-08
1.488383901746096220e-06
-1.487326514776155320e-06
-1.189616337685239366e-06
-5.390992011802524394e-07
-3.091136167947815835e-07
-4.626181915381683636e-07
-2.459147094041663685e-06
-7.533469209741234683e-07
4.908554490671234415e-07
-1.004578233974061428e-06
-6.720325757800485098e-07
-2.909911932733112478e-07
-6.831955728158292142e-09
-1.892989908296272374e-07
8.511329772945903016e-07
1.114703117543845842e-07
1.392127255049023786e-06
7.492743606539488264e-06
2.546333055274886572e-06
-1.843322595351713181e-06
-1.632046393137474133e-06
-1.066540326237013197e-06
7.058410898630820569e-07
2.273285724783293926e-06
1.017734681406159427e-05
5.381694503908573848e-06
-4.005173934347190223e-07
1.779101627334380353e-07
5.105237556303783412e-07
4.043135633523321803e-06
1.675110985822213141e-05
-2.040857896469467974e-06
-1.564015473035735779e-06
-3.163827298756393454e-07
3.927298085264565881e-07
1.347869272394313072e-08
4.439440588172441154e-06
1.626576670973534024e-06
5.898394151326625005e-07
-1.748511485240674583e-06
5.513570386831394146e-07
2.331130027639211066e-07
-3.581144866365917618e-06
-1.782729261589684905e-06
6.043921607743248526e-06
-4.317168794801574407e-06
1.449117109888917393e-06
-1.087946427039940310e-07
3.994025809443913161e-07
-3.526817102680043625e-07
-2.393156685682659972e-07
7.613810884315988970e-07
5.424836033813793554e-06
-1.299546692128255589e-06
-4.707249677153363052e-09
6.630341767422775600e-07
7.738593815281397071e-08
-4.851858823491989243e-07
-2.038750136584043860e-07
1.953215140858612379e-06
-1.719103223094976666e-06
-1.021136065941163841e-06
-1.854866742001886845e-06
1.565373687925197387e-09
-1.213068888677785691e-06
2.948305493669599580e-07
5.438027110045299053e-08
-1.783623565888777266e-08
4.971776227376521219e-06
-1.093386811787730581e-07
-7.448277050929873492e-08
-1.230240220783586249e-07
-2.328962338444198082e-06
-1.052421034732417679e-06
-1.146788262432438016e-06
-7.530709514368214702e-07
-1.453528838157348586e-07
3.440747341534856028e-07
-1.895463965358626488e-06
-1.112814710961589027e-06
-8.831624922206929144e-07
-4.581628458404209201e-07
-1.741406576211082405e-07
-2.445621588440449398e-07
-1.523622308831695869e-06
-8.505890382955503355e-07
-1.049061105983076269e-06
-6.974283339409990306e-07
9.823173019714255333e-08
2.285752278191721773e-07
2.077173792783157348e-08
9.292952638524344883e-07
8.515991049358229191e-07
-1.397068813045187498e-06
-3.887841107750568349e-05
1.313388231101394094e-05
6.027205860699514695e-07
-1.907209036480271374e-06
1.092522730029349051e-06
-1.503631841027905586e-06
-1.664974433517006094e-06
8.794159946134960919e-06
7.452881558136055995e-06
-1.265062841083989414e-06
5.005866063728908310e-09
4.751763649213426610e-07
-1.572988080000541230e-06
-6.113042516256778276e-06
-4.404747260803616856e-06
-2.664160467457965835e-06
-2.429604507879937572e-06
3.730928185773730926e-07
4.468024717419719245e-07
1.800983447335221740e-06
-3.750341732597443347e-06
-2.543856485481122255e-06
-5.110358399890369474e-06
-1.532478066600017805e-06
5.459301988379144216e-07
-6.076515966148649065e-06
-1.628175200296773839e-06
5.540186466226341337e-06
-5.116111172931656092e-06
2.221992819755502953e-07
-2.791109884499063461e-06
5.402701438451783114e-07
-4.083989180087061984e-08
7.447044442045257055e-08
1.164645483580774668e-07
2.633261170845184105e-06
-3.455288923369698889e-06
-1.441480685576387085e-06
2.200553157690496135e-07
3.714058454973865123e-08
-3.683847463880834754e-07
2.298486298982742185e-08
8.689533646266564505e-07
-2.673169145835026543e-06
-1.456300011995004598e-06
1.793108355323839922e-06
-4.411290835009730200e-09
-1.723348680244064562e-06
-6.997903719794677834e-08
8.525281223167641056e-08
-2.087733373748795946e-07
-7.246144071678250890e-06
6.290872452244965956e-08
7.570233771253965637e-08
-2.618220495082337635e-08
-9.081670767859418431e-06
-8.578155552849692634e-07
-1.064369008829150966e-06
-7.136601708813451739e-07
2.667582307583587879e-08
-7.663121911519098976e-06
-1.922917260773913863e-06
-1.066720507245086705e-06
-2.638183645676408606e-07
-4.539825130714410912e-07
7.818682524439186498e-07
-1.496063638484517648e-06
-1.643321580466395758e-06
-3.335684815746774493e-06
-1.139832278845983541e-06
-1.039380133869031650e-07
-4.264543516962460124e-07
-3.400992978851949834e-07
-9.149961346535488965e-08
-7.027010976932415373e-07
-2.147692468581294137e-06
-2.635296086802622569e-05
1.706041688427888730e-05
3.362512452034563450e-06
-3.884528116342919341e-07
2.217175794789420090e-06
-9.016439242895747956e-07
-2.944154134808517906e-06
-4.761020858931239424e-05
-6.250676232914052885e-05
-4.279191343086828755e-05
-5.358883865428477411e-06
-1.428502796244039024e-06
-5.973326047377903948e-06
-7.124389594033569690e-06
-4.326177284777715359e-05
-2.106462500801664840e-05
-2.050121455961741363e-05
-8.440975335774106953e-06
-6.351914990513607396e-07
6.381433940605988004e-07
-1.142912260460413759e-05
-1.163365051132482172e-05
-3.168241264636157848e-05
-1.486517442544477814e-05
-1.113013607374901287e-05
2.439569746264661008e-06
1.645384043650543690e-05
7.574935387434879243e-06
-6.832568982074297445e-06
-2.437386197316060562e-05
-1.841565824813496018e-05
-1.398398547695306422e-05
3.485381411978096184e-06
3.067477158059334661e-07
2.352828764981684394e-06
2.711902904111525205e-07
-2.032968796619746637e-06
-2.145461611565723962e-05
-1.582181387914918444e-05
3.686928467971402204e-07
2.641883930140214451e-07
-2.497684287519280426e-07
-2.228995775767757216e-07
7.294099497983299739e-07
-1.475461884112419303e-05
-6.775873530164057694e-06
2.607589490943571008e-06
-2.972358079719045199e-09
2.938310407750824879e-06
-9.304515154694080969e-08
3.816135444758672179e-08
7.747921544539875275e-07
-1.222239308038638886e-05
6.550730991430238630e-08
-4.927521658381532697e-08
-1.364443067650889408e-07
-6.889708139878307372e-06
-3.401230074510675503e-06
-2.375907135033007744e-06
-1.449219070861172009e-06
-9.844354051430543890e-08
-6.484841374387412217e-06
-7.227892467739959262e-06
-4.007269110277997606e-06
-2.433925221357504244e-06
-9.790019980450588837e-07
-1.288795600845135143e-06
-6.338719051160836889e-06
-1.447593846701256961e-05
-1.753888821597549485e-05
-5.550756513944038104e-06
-2.255924102906773596e-06
-1.034964438741742731e-06
-1.002519394428801091e-06
-8.694657414979749298e-08
-9.410616607080268174e-07
-3.420118737985702591e-06
-3.126477505227793585e-05
1.345828297965017375e-05
1.613194576496573791e-05
2.322355322387123196e-07
2.205753342728056650e-06
-1.350130469409112984e-06
-5.534505701234791969e-06
-7.223784859790398892e-05
-1.138504545121294060e-04
-7.292577150958151914e-05
-8.590519635852810908e-06
-2.029068969821306190e-06
-9.346762088629217296e-06
-4.705935947215492143e-06
-5.760029188478197357e-05
-2.699219429616380193e-05
-2.802191794512394669e-05
-1.204481288103912095e-05
-1.546756688315293368e-06
-3.426009991367038254e-06
-1.923328503304010909e-05
-4.833202984693614501e-06
-4.263925899767168060e-05
-1.954434390034456349e-05
-1.126864048641507886e-05
2.984402392344065588e-06
3.818981689226986863e-05
1.397763555106029319e-05
-1.009624799243329676e-05
-3.225849824493517981e-05
-2.830242014621882194e-05
-1.652333841368977551e-05
4.471058194172406808e-06
3.065529484556250596e-07
3.090880365966612136e-06
1.944365154532513504e-08
-3.154027366746253133e-06
-3.159358192800868365e-05
-1.972330401151617759e-05
6.308701354199842905e-07
4.001046471470366727e-07
-1.574114681015059496e-07
-6.407374296581333734e-07
5.264165139070382717e-07
-1.702256472427349574e-05
-7.932631358200723632e-06
2.571855953850014172e-06
-8.954195412764457025e-09
3.058944539156561700e-06
-9.103126886204150657e-08
-3.792575189490777251e-07
-2.160677161991363094e-07
-1.242833741117461960e-05
4.148675208963192125e-08
-6.904062408136818377e-08
2.326775959780795857e-07
-1.922191390927804628e-06
-3.996368375878348310e-06
-2.746041682203225072e-06
-1.205004189204382438e-06
-1.114866266910197396e-07
-7.364365416705770796e-06
-8.702836166212407100e-06
-5.649999367442877995e-06
-3.022738019611162052e-06
-1.783251987270801454e-06
-1.566732955219922761e-06
-8.946966469420639394e-06
-1.791715941897941246e-05
-2.045029413675722332e-05
-6.797531227117663483e-06
-2.353550973690885531e-06
-1.427995949097232763e-06
-7.830020957689683126e-07
