# X Y Z i
284214.50 5036142.40 -30.00 0.001402
284234.50 5036142.40 -30.00 0.001624
284254.50 5036142.40 -30.00 0.001663
284274.50 5036142.40 -30.00 0.001687
284294.50 5036142.40 -30.00 0.001714
284314.50 5036142.40 -30.00 0.001711
284334.50 5036142.40 -30.00 0.001685
284214.50 5036162.40 -30.00 0.001247
284234.50 5036162.40 -30.00 0.001651
284254.50 5036162.40 -30.00 0.001703
284274.50 5036162.40 -30.00 0.001695
284294.50 5036162.40 -30.00 0.001699
284314.50 5036162.40 -30.00 0.001694
284334.50 5036162.40 -30.00 0.001662
284214.50 5036182.40 -30.00 0.000438
284234.50 5036182.40 -30.00 0.001689
284254.50 5036182.40 -30.00 0.001747
284274.50 5036182.40 -30.00 0.001747
284294.50 5036182.40 -30.00 0.001719
284314.50 5036182.40 -30.00 0.001665
284334.50 5036182.40 -30.00 0.001667
284214.50 5036202.40 -30.00 0.001333
284234.50 5036202.40 -30.00 0.000650
284254.50 5036202.40 -30.00 0.001876
284274.50 5036202.40 -30.00 0.001904
284294.50 5036202.40 -30.00 0.001798
284314.50 5036202.40 -30.00 0.001688
284334.50 5036202.40 -30.00 0.001674
284214.50 5036222.40 -30.00 0.001585
284234.50 5036222.40 -30.00 0.000000
284254.50 5036222.40 -30.00 0.000540
284274.50 5036222.40 -30.00 0.001679
284294.50 5036222.40 -30.00 0.001804
284314.50 5036222.40 -30.00 0.001641
284334.50 5036222.40 -30.00 0.001671
284214.50 5036242.40 -30.00 0.001517
284234.50 5036242.40 -30.00 0.000000
284254.50 5036242.40 -30.00 0.001350
284274.50 5036242.40 -30.00 0.001378
284294.50 5036242.40 -30.00 0.001963
284314.50 5036242.40 -30.00 0.001825
284334.50 5036242.40 -30.00 0.001666
284214.50 5036262.40 -30.00 0.001554
284234.50 5036262.40 -30.00 0.001558
284254.50 5036262.40 -30.00 0.001589
284274.50 5036262.40 -30.00 0.001624
284294.50 5036262.40 -30.00 0.000902
284314.50 5036262.40 -30.00 0.001586
284334.50 5036262.40 -30.00 0.001619
284214.50 5036282.40 -30.00 0.001566
284234.50 5036282.40 -30.00 0.001576
284254.50 5036282.40 -30.00 0.001577
284274.50 5036282.40 -30.00 0.001595
284294.50 5036282.40 -30.00 0.001615
284314.50 5036282.40 -30.00 0.001631
284334.50 5036282.40 -30.00 0.001983
284214.50 5036302.40 -30.00 0.001568
284234.50 5036302.40 -30.00 0.001568
284254.50 5036302.40 -30.00 0.001574
284274.50 5036302.40 -30.00 0.001568
284294.50 5036302.40 -30.00 0.001588
284314.50 5036302.40 -30.00 0.001609
284334.50 5036302.40 -30.00 0.001622
284214.50 5036322.40 -30.00 0.001563
284234.50 5036322.40 -30.00 0.001520
284254.50 5036322.40 -30.00 0.001530
284274.50 5036322.40 -30.00 0.001552
284294.50 5036322.40 -30.00 0.001575
284314.50 5036322.40 -30.00 0.001593
284334.50 5036322.40 -30.00 0.001606
284214.50 5036342.40 -30.00 0.001525
284234.50 5036342.40 -30.00 0.001509
284254.50 5036342.40 -30.00 0.001512
284274.50 5036342.40 -30.00 0.001538
284294.50 5036342.40 -30.00 0.001564
284314.50 5036342.40 -30.00 0.001582
284334.50 5036342.40 -30.00 0.001595
284214.50 5036142.40 -26.00 0.001423
284234.50 5036142.40 -26.00 0.001580
284254.50 5036142.40 -26.00 0.001665
284274.50 5036142.40 -26.00 0.001694
284294.50 5036142.40 -26.00 0.001724
284314.50 5036142.40 -26.00 0.001721
284334.50 5036142.40 -26.00 0.001688
284214.50 5036162.40 -26.00 0.001259
284234.50 5036162.40 -26.00 0.001661
284254.50 5036162.40 -26.00 0.001701
284274.50 5036162.40 -26.00 0.001696
284294.50 5036162.40 -26.00 0.001702
284314.50 5036162.40 -26.00 0.001693
284334.50 5036162.40 -26.00 0.001670
284214.50 5036182.40 -26.00 0.000708
284234.50 5036182.40 -26.00 0.001750
284254.50 5036182.40 -26.00 0.001756
284274.50 5036182.40 -26.00 0.001752
284294.50 5036182.40 -26.00 0.001718
284314.50 5036182.40 -26.00 0.001667
284334.50 5036182.40 -26.00 0.001673
284214.50 5036202.40 -26.00 0.001445
284234.50 5036202.40 -26.00 0.001105
284254.50 5036202.40 -26.00 0.001970
284274.50 5036202.40 -26.00 0.001958
284294.50 5036202.40 -26.00 0.001820
284314.50 5036202.40 -26.00 0.001695
284334.50 5036202.40 -26.00 0.001671
284214.50 5036222.40 -26.00 0.001576
284234.50 5036222.40 -26.00 0.000675
284254.50 5036222.40 -26.00 0.000506
284274.50 5036222.40 -26.00 0.001850
284294.50 5036222.40 -26.00 0.001845
284314.50 5036222.40 -26.00 0.001697
284334.50 5036222.40 -26.00 0.001677
284214.50 5036242.40 -26.00 0.001489
284234.50 5036242.40 -26.00 0.000254
284254.50 5036242.40 -26.00 0.001388
284274.50 5036242.40 -26.00 0.001380
284294.50 5036242.40 -26.00 0.001954
284314.50 5036242.40 -26.00 0.001798
284334.50 5036242.40 -26.00 0.001681
284214.50 5036262.40 -26.00 0.001545
284234.50 5036262.40 -26.00 0.001548
284254.50 5036262.40 -26.00 0.001594
284274.50 5036262.40 -26.00 0.001620
284294.50 5036262.40 -26.00 0.001786
284314.50 5036262.40 -26.00 0.001625
284334.50 5036262.40 -26.00 0.001637
284214.50 5036282.40 -26.00 0.001572
284234.50 5036282.40 -26.00 0.001582
284254.50 5036282.40 -26.00 0.001583
284274.50 5036282.40 -26.00 0.001593
284294.50 5036282.40 -26.00 0.001618
284314.50 5036282.40 -26.00 0.001641
284334.50 5036282.40 -26.00 0.001923
284214.50 5036302.40 -26.00 0.001569
284234.50 5036302.40 -26.00 0.001568
284254.50 5036302.40 -26.00 0.001575
284274.50 5036302.40 -26.00 0.001560
284294.50 5036302.40 -26.00 0.001586
284314.50 5036302.40 -26.00 0.001608
284334.50 5036302.40 -26.00 0.001623
284214.50 5036322.40 -26.00 0.001565
284234.50 5036322.40 -26.00 0.001509
284254.50 5036322.40 -26.00 0.001523
284274.50 5036322.40 -26.00 0.001548
284294.50 5036322.40 -26.00 0.001573
284314.50 5036322.40 -26.00 0.001592
284334.50 5036322.40 -26.00 0.001605
284214.50 5036342.40 -26.00 0.001519
284234.50 5036342.40 -26.00 0.001498
284254.50 5036342.40 -26.00 0.001502
284274.50 5036342.40 -26.00 0.001533
284294.50 5036342.40 -26.00 0.001561
284314.50 5036342.40 -26.00 0.001582
284334.50 5036342.40 -26.00 0.001594
284214.50 5036142.40 -22.00 0.001424
284234.50 5036142.40 -22.00 0.001577
284254.50 5036142.40 -22.00 0.001670
284274.50 5036142.40 -22.00 0.001691
284294.50 5036142.40 -22.00 0.001735
284314.50 5036142.40 -22.00 0.001729
284334.50 5036142.40 -22.00 0.001692
284214.50 5036162.40 -22.00 0.001432
284234.50 5036162.40 -22.00 0.001671
284254.50 5036162.40 -22.00 0.001715
284274.50 5036162.40 -22.00 0.001695
284294.50 5036162.40 -22.00 0.001704
284314.50 5036162.40 -22.00 0.001698
284334.50 5036162.40 -22.00 0.001675
284214.50 5036182.40 -22.00 0.000733
284234.50 5036182.40 -22.00 0.001772
284254.50 5036182.40 -22.00 0.001762
284274.50 5036182.40 -22.00 0.001752
284294.50 5036182.40 -22.00 0.001715
284314.50 5036182.40 -22.00 0.001675
284334.50 5036182.40 -22.00 0.001667
284214.50 5036202.40 -22.00 0.001514
284234.50 5036202.40 -22.00 0.001315
284254.50 5036202.40 -22.00 0.002062
284274.50 5036202.40 -22.00 0.002013
284294.50 5036202.40 -22.00 0.001841
284314.50 5036202.40 -22.00 0.001709
284334.50 5036202.40 -22.00 0.001695
284214.50 5036222.40 -22.00 0.001566
284234.50 5036222.40 -22.00 0.000683
284254.50 5036222.40 -22.00 0.000072
284274.50 5036222.40 -22.00 0.001587
284294.50 5036222.40 -22.00 0.001877
284314.50 5036222.40 -22.00 0.001714
284334.50 5036222.40 -22.00 0.001721
284214.50 5036242.40 -22.00 0.001457
284234.50 5036242.40 -22.00 0.000202
284254.50 5036242.40 -22.00 0.001319
284274.50 5036242.40 -22.00 0.001386
284294.50 5036242.40 -22.00 0.001938
284314.50 5036242.40 -22.00 0.001763
284334.50 5036242.40 -22.00 0.001694
284214.50 5036262.40 -22.00 0.001535
284234.50 5036262.40 -22.00 0.001541
284254.50 5036262.40 -22.00 0.001596
284274.50 5036262.40 -22.00 0.001618
284294.50 5036262.40 -22.00 0.001786
284314.50 5036262.40 -22.00 0.001633
284334.50 5036262.40 -22.00 0.001648
284214.50 5036282.40 -22.00 0.001575
284234.50 5036282.40 -22.00 0.001557
284254.50 5036282.40 -22.00 0.001593
284274.50 5036282.40 -22.00 0.001590
284294.50 5036282.40 -22.00 0.001616
284314.50 5036282.40 -22.00 0.001631
284334.50 5036282.40 -22.00 0.001896
284214.50 5036302.40 -22.00 0.001568
284234.50 5036302.40 -22.00 0.001568
284254.50 5036302.40 -22.00 0.001576
284274.50 5036302.40 -22.00 0.001557
284294.50 5036302.40 -22.00 0.001584
284314.50 5036302.40 -22.00 0.001608
284334.50 5036302.40 -22.00 0.001623
284214.50 5036322.40 -22.00 0.001565
284234.50 5036322.40 -22.00 0.001497
284254.50 5036322.40 -22.00 0.001515
284274.50 5036322.40 -22.00 0.001544
284294.50 5036322.40 -22.00 0.001571
284314.50 5036322.40 -22.00 0.001592
284334.50 5036322.40 -22.00 0.001605
284214.50 5036342.40 -22.00 0.001509
284234.50 5036342.40 -22.00 0.001489
284254.50 5036342.40 -22.00 0.001492
284274.50 5036342.40 -22.00 0.001527
284294.50 5036342.40 -22.00 0.001560
284314.50 5036342.40 -22.00 0.001582
284334.50 5036342.40 -22.00 0.001594
284214.50 5036142.40 -18.00 0.001492
284234.50 5036142.40 -18.00 0.001579
284254.50 5036142.40 -18.00 0.001671
284274.50 5036142.40 -18.00 0.001696
284294.50 5036142.40 -18.00 0.001759
284314.50 5036142.40 -18.00 0.001743
284334.50 5036142.40 -18.00 0.001694
284214.50 5036162.40 -18.00 0.001470
284234.50 5036162.40 -18.00 0.001692
284254.50 5036162.40 -18.00 0.001718
284274.50 5036162.40 -18.00 0.001695
284294.50 5036162.40 -18.00 0.001705
284314.50 5036162.40 -18.00 0.001704
284334.50 5036162.40 -18.00 0.001676
284214.50 5036182.40 -18.00 0.001555
284234.50 5036182.40 -18.00 0.001863
284254.50 5036182.40 -18.00 0.001763
284274.50 5036182.40 -18.00 0.001742
284294.50 5036182.40 -18.00 0.001706
284314.50 5036182.40 -18.00 0.001672
284334.50 5036182.40 -18.00 0.001669
284214.50 5036202.40 -18.00 0.001683
284234.50 5036202.40 -18.00 0.002089
284254.50 5036202.40 -18.00 0.002181
284274.50 5036202.40 -18.00 0.002071
284294.50 5036202.40 -18.00 0.001861
284314.50 5036202.40 -18.00 0.001723
284334.50 5036202.40 -18.00 0.001656
284214.50 5036222.40 -18.00 0.001557
284234.50 5036222.40 -18.00 0.000427
284254.50 5036222.40 -18.00 0.001790
284274.50 5036222.40 -18.00 0.001816
284294.50 5036222.40 -18.00 0.001916
284314.50 5036222.40 -18.00 0.001742
284334.50 5036222.40 -18.00 0.001727
284214.50 5036242.40 -18.00 0.001400
284234.50 5036242.40 -18.00 0.000001
284254.50 5036242.40 -18.00 0.001316
284274.50 5036242.40 -18.00 0.001505
284294.50 5036242.40 -18.00 0.001899
284314.50 5036242.40 -18.00 0.001755
284334.50 5036242.40 -18.00 0.001714
284214.50 5036262.40 -18.00 0.001528
284234.50 5036262.40 -18.00 0.001539
284254.50 5036262.40 -18.00 0.001597
284274.50 5036262.40 -18.00 0.001423
284294.50 5036262.40 -18.00 0.002111
284314.50 5036262.40 -18.00 0.001672
284334.50 5036262.40 -18.00 0.001660
284214.50 5036282.40 -18.00 0.001576
284234.50 5036282.40 -18.00 0.001561
284254.50 5036282.40 -18.00 0.001599
284274.50 5036282.40 -18.00 0.001594
284294.50 5036282.40 -18.00 0.001617
284314.50 5036282.40 -18.00 0.001632
284334.50 5036282.40 -18.00 0.001853
284214.50 5036302.40 -18.00 0.001567
284234.50 5036302.40 -18.00 0.001568
284254.50 5036302.40 -18.00 0.001577
284274.50 5036302.40 -18.00 0.001559
284294.50 5036302.40 -18.00 0.001582
284314.50 5036302.40 -18.00 0.001608
284334.50 5036302.40 -18.00 0.001623
284214.50 5036322.40 -18.00 0.001566
284234.50 5036322.40 -18.00 0.001493
284254.50 5036322.40 -18.00 0.001507
284274.50 5036322.40 -18.00 0.001540
284294.50 5036322.40 -18.00 0.001569
284314.50 5036322.40 -18.00 0.001591
284334.50 5036322.40 -18.00 0.001605
284214.50 5036342.40 -18.00 0.001504
284234.50 5036342.40 -18.00 0.001477
284254.50 5036342.40 -18.00 0.001481
284274.50 5036342.40 -18.00 0.001522
284294.50 5036342.40 -18.00 0.001558
284314.50 5036342.40 -18.00 0.001580
284334.50 5036342.40 -18.00 0.001594
284214.50 5036142.40 -14.00 0.001503
284234.50 5036142.40 -14.00 0.001578
284254.50 5036142.40 -14.00 0.001671
284274.50 5036142.40 -14.00 0.001697
284294.50 5036142.40 -14.00 0.001784
284314.50 5036142.40 -14.00 0.001760
284334.50 5036142.40 -14.00 0.001695
284214.50 5036162.40 -14.00 0.001499
284234.50 5036162.40 -14.00 0.001698
284254.50 5036162.40 -14.00 0.001725
284274.50 5036162.40 -14.00 0.001691
284294.50 5036162.40 -14.00 0.001706
284314.50 5036162.40 -14.00 0.001709
284334.50 5036162.40 -14.00 0.001679
284214.50 5036182.40 -14.00 0.001664
284234.50 5036182.40 -14.00 0.001874
284254.50 5036182.40 -14.00 0.001752
284274.50 5036182.40 -14.00 0.001724
284294.50 5036182.40 -14.00 0.001694
284314.50 5036182.40 -14.00 0.001671
284334.50 5036182.40 -14.00 0.001668
284214.50 5036202.40 -14.00 0.001784
284234.50 5036202.40 -14.00 0.001948
284254.50 5036202.40 -14.00 0.002276
284274.50 5036202.40 -14.00 0.002127
284294.50 5036202.40 -14.00 0.001882
284314.50 5036202.40 -14.00 0.001735
284334.50 5036202.40 -14.00 0.001640
284214.50 5036222.40 -14.00 0.001553
284234.50 5036222.40 -14.00 0.000806
284254.50 5036222.40 -14.00 0.001848
284274.50 5036222.40 -14.00 0.001880
284294.50 5036222.40 -14.00 0.000208
284314.50 5036222.40 -14.00 0.001770
284334.50 5036222.40 -14.00 0.001749
284214.50 5036242.40 -14.00 0.001332
284234.50 5036242.40 -14.00 0.000000
284254.50 5036242.40 -14.00 0.001337
284274.50 5036242.40 -14.00 0.001617
284294.50 5036242.40 -14.00 0.001889
284314.50 5036242.40 -14.00 0.001775
284334.50 5036242.40 -14.00 0.001729
284214.50 5036262.40 -14.00 0.001521
284234.50 5036262.40 -14.00 0.001536
284254.50 5036262.40 -14.00 0.001608
284274.50 5036262.40 -14.00 0.001845
284294.50 5036262.40 -14.00 0.001694
284314.50 5036262.40 -14.00 0.001684
284334.50 5036262.40 -14.00 0.001677
284214.50 5036282.40 -14.00 0.001576
284234.50 5036282.40 -14.00 0.001567
284254.50 5036282.40 -14.00 0.001603
284274.50 5036282.40 -14.00 0.001602
284294.50 5036282.40 -14.00 0.001615
284314.50 5036282.40 -14.00 0.001629
284334.50 5036282.40 -14.00 0.001828
284214.50 5036302.40 -14.00 0.001567
284234.50 5036302.40 -14.00 0.001568
284254.50 5036302.40 -14.00 0.001576
284274.50 5036302.40 -14.00 0.001554
284294.50 5036302.40 -14.00 0.001581
284314.50 5036302.40 -14.00 0.001608
284334.50 5036302.40 -14.00 0.001623
284214.50 5036322.40 -14.00 0.001567
284234.50 5036322.40 -14.00 0.001488
284254.50 5036322.40 -14.00 0.001503
284274.50 5036322.40 -14.00 0.001537
284294.50 5036322.40 -14.00 0.001568
284314.50 5036322.40 -14.00 0.001590
284334.50 5036322.40 -14.00 0.001605
284214.50 5036342.40 -14.00 0.001499
284234.50 5036342.40 -14.00 0.001504
284254.50 5036342.40 -14.00 0.001541
284274.50 5036342.40 -14.00 0.001517
284294.50 5036342.40 -14.00 0.001556
284314.50 5036342.40 -14.00 0.001580
284334.50 5036342.40 -14.00 0.001594
284214.50 5036142.40 -10.00 0.001549
284234.50 5036142.40 -10.00 0.001642
284254.50 5036142.40 -10.00 0.001683
284274.50 5036142.40 -10.00 0.001696
284294.50 5036142.40 -10.00 0.001832
284314.50 5036142.40 -10.00 0.001780
284334.50 5036142.40 -10.00 0.001699
284214.50 5036162.40 -10.00 0.001550
284234.50 5036162.40 -10.00 0.001706
284254.50 5036162.40 -10.00 0.001730
284274.50 5036162.40 -10.00 0.001687
284294.50 5036162.40 -10.00 0.001704
284314.50 5036162.40 -10.00 0.001689
284334.50 5036162.40 -10.00 0.001682
284214.50 5036182.40 -10.00 0.002426
284234.50 5036182.40 -10.00 0.001891
284254.50 5036182.40 -10.00 0.001734
284274.50 5036182.40 -10.00 0.001698
284294.50 5036182.40 -10.00 0.001675
284314.50 5036182.40 -10.00 0.001670
284334.50 5036182.40 -10.00 0.001695
284214.50 5036202.40 -10.00 0.001956
284234.50 5036202.40 -10.00 0.001992
284254.50 5036202.40 -10.00 0.002364
284274.50 5036202.40 -10.00 0.002164
284294.50 5036202.40 -10.00 0.001889
284314.50 5036202.40 -10.00 0.001746
284334.50 5036202.40 -10.00 0.001622
284214.50 5036222.40 -10.00 0.001554
284234.50 5036222.40 -10.00 0.001620
284254.50 5036222.40 -10.00 0.001962
284274.50 5036222.40 -10.00 0.001899
284294.50 5036222.40 -10.00 0.002288
284314.50 5036222.40 -10.00 0.001795
284334.50 5036222.40 -10.00 0.001780
284214.50 5036242.40 -10.00 0.001240
284234.50 5036242.40 -10.00 0.001562
284254.50 5036242.40 -10.00 0.001409
284274.50 5036242.40 -10.00 0.001735
284294.50 5036242.40 -10.00 0.001835
284314.50 5036242.40 -10.00 0.001782
284334.50 5036242.40 -10.00 0.001754
284214.50 5036262.40 -10.00 0.001516
284234.50 5036262.40 -10.00 0.001537
284254.50 5036262.40 -10.00 0.001613
284274.50 5036262.40 -10.00 0.001765
284294.50 5036262.40 -10.00 0.001724
284314.50 5036262.40 -10.00 0.001688
284334.50 5036262.40 -10.00 0.001683
284214.50 5036282.40 -10.00 0.001565
284234.50 5036282.40 -10.00 0.001572
284254.50 5036282.40 -10.00 0.001607
284274.50 5036282.40 -10.00 0.001610
284294.50 5036282.40 -10.00 0.001611
284314.50 5036282.40 -10.00 0.001631
284334.50 5036282.40 -10.00 0.001793
284214.50 5036302.40 -10.00 0.001566
284234.50 5036302.40 -10.00 0.001568
284254.50 5036302.40 -10.00 0.001577
284274.50 5036302.40 -10.00 0.001552
284294.50 5036302.40 -10.00 0.001581
284314.50 5036302.40 -10.00 0.001608
284334.50 5036302.40 -10.00 0.001623
284214.50 5036322.40 -10.00 0.001567
284234.50 5036322.40 -10.00 0.001485
284254.50 5036322.40 -10.00 0.001497
284274.50 5036322.40 -10.00 0.001534
284294.50 5036322.40 -10.00 0.001567
284314.50 5036322.40 -10.00 0.001590
284334.50 5036322.40 -10.00 0.001605
284214.50 5036342.40 -10.00 0.001495
284234.50 5036342.40 -10.00 0.001405
284254.50 5036342.40 -10.00 0.001387
284274.50 5036342.40 -10.00 0.001512
284294.50 5036342.40 -10.00 0.001555
284314.50 5036342.40 -10.00 0.001580
284334.50 5036342.40 -10.00 0.001594
284214.50 5036142.40 -6.00 0.001549
284234.50 5036142.40 -6.00 0.001641
284254.50 5036142.40 -6.00 0.001682
284274.50 5036142.40 -6.00 0.001693
284294.50 5036142.40 -6.00 0.001921
284314.50 5036142.40 -6.00 0.001796
284334.50 5036142.40 -6.00 0.001701
284214.50 5036162.40 -6.00 0.001551
284234.50 5036162.40 -6.00 0.001713
284254.50 5036162.40 -6.00 0.001736
284274.50 5036162.40 -6.00 0.001682
284294.50 5036162.40 -6.00 0.001702
284314.50 5036162.40 -6.00 0.001691
284334.50 5036162.40 -6.00 0.001684
284214.50 5036182.40 -6.00 0.002391
284234.50 5036182.40 -6.00 0.001847
284254.50 5036182.40 -6.00 0.001706
284274.50 5036182.40 -6.00 0.001673
284294.50 5036182.40 -6.00 0.001664
284314.50 5036182.40 -6.00 0.001671
284334.50 5036182.40 -6.00 0.001699
284214.50 5036202.40 -6.00 0.001925
284234.50 5036202.40 -6.00 0.001972
284254.50 5036202.40 -6.00 0.002389
284274.50 5036202.40 -6.00 0.002140
284294.50 5036202.40 -6.00 0.002036
284314.50 5036202.40 -6.00 0.001009
284334.50 5036202.40 -6.00 0.001619
284214.50 5036222.40 -6.00 0.001571
284234.50 5036222.40 -6.00 0.001615
284254.50 5036222.40 -6.00 0.001793
284274.50 5036222.40 -6.00 0.002591
284294.50 5036222.40 -6.00 0.002590
284314.50 5036222.40 -6.00 0.001340
284334.50 5036222.40 -6.00 0.001882
284214.50 5036242.40 -6.00 0.001144
284234.50 5036242.40 -6.00 0.000056
284254.50 5036242.40 -6.00 0.001585
284274.50 5036242.40 -6.00 0.001824
284294.50 5036242.40 -6.00 0.001864
284314.50 5036242.40 -6.00 0.001056
284334.50 5036242.40 -6.00 0.001783
284214.50 5036262.40 -6.00 0.001516
284234.50 5036262.40 -6.00 0.001542
284254.50 5036262.40 -6.00 0.001617
284274.50 5036262.40 -6.00 0.001772
284294.50 5036262.40 -6.00 0.001681
284314.50 5036262.40 -6.00 0.001680
284334.50 5036262.40 -6.00 0.001689
284214.50 5036282.40 -6.00 0.001570
284234.50 5036282.40 -6.00 0.001577
284254.50 5036282.40 -6.00 0.001572
284274.50 5036282.40 -6.00 0.001613
284294.50 5036282.40 -6.00 0.001616
284314.50 5036282.40 -6.00 0.002345
284334.50 5036282.40 -6.00 0.001791
284214.50 5036302.40 -6.00 0.001567
284234.50 5036302.40 -6.00 0.001568
284254.50 5036302.40 -6.00 0.001575
284274.50 5036302.40 -6.00 0.001551
284294.50 5036302.40 -6.00 0.001579
284314.50 5036302.40 -6.00 0.001607
284334.50 5036302.40 -6.00 0.001623
284214.50 5036322.40 -6.00 0.001568
284234.50 5036322.40 -6.00 0.001481
284254.50 5036322.40 -6.00 0.001495
284274.50 5036322.40 -6.00 0.001532
284294.50 5036322.40 -6.00 0.001566
284314.50 5036322.40 -6.00 0.001590
284334.50 5036322.40 -6.00 0.001605
284214.50 5036342.40 -6.00 0.001493
284234.50 5036342.40 -6.00 0.001385
284254.50 5036342.40 -6.00 0.001356
284274.50 5036342.40 -6.00 0.001509
284294.50 5036342.40 -6.00 0.001554
284314.50 5036342.40 -6.00 0.001578
284334.50 5036342.40 -6.00 0.001594
284214.50 5036142.40 -2.00 0.001554
284234.50 5036142.40 -2.00 0.001642
284254.50 5036142.40 -2.00 0.001681
284274.50 5036142.40 -2.00 0.001691
284294.50 5036142.40 -2.00 0.001991
284314.50 5036142.40 -2.00 0.001810
284334.50 5036142.40 -2.00 0.001702
284214.50 5036162.40 -2.00 0.001557
284234.50 5036162.40 -2.00 0.001716
284254.50 5036162.40 -2.00 0.001739
284274.50 5036162.40 -2.00 0.001672
284294.50 5036162.40 -2.00 0.001753
284314.50 5036162.40 -2.00 0.001690
284334.50 5036162.40 -2.00 0.001683
284214.50 5036182.40 -2.00 0.002471
284234.50 5036182.40 -2.00 0.001736
284254.50 5036182.40 -2.00 0.001622
284274.50 5036182.40 -2.00 0.001692
284294.50 5036182.40 -2.00 0.002035
284314.50 5036182.40 -2.00 0.001967
284334.50 5036182.40 -2.00 0.001702
284214.50 5036202.40 -2.00 0.001733
284234.50 5036202.40 -2.00 0.001925
284254.50 5036202.40 -2.00 0.002359
284274.50 5036202.40 -2.00 0.001892
284294.50 5036202.40 -2.00 0.002816
284314.50 5036202.40 -2.00 0.002790
284334.50 5036202.40 -2.00 0.001699
284214.50 5036222.40 -2.00 0.001596
284234.50 5036222.40 -2.00 0.001612
284254.50 5036222.40 -2.00 0.001733
284274.50 5036222.40 -2.00 0.002924
284294.50 5036222.40 -2.00 0.002651
284314.50 5036222.40 -2.00 0.002600
284334.50 5036222.40 -2.00 0.001980
284214.50 5036242.40 -2.00 0.001064
284234.50 5036242.40 -2.00 0.000053
284254.50 5036242.40 -2.00 0.001848
284274.50 5036242.40 -2.00 0.001890
284294.50 5036242.40 -2.00 0.001719
284314.50 5036242.40 -2.00 0.002660
284334.50 5036242.40 -2.00 0.001791
284214.50 5036262.40 -2.00 0.001517
284234.50 5036262.40 -2.00 0.001548
284254.50 5036262.40 -2.00 0.001619
284274.50 5036262.40 -2.00 0.001748
284294.50 5036262.40 -2.00 0.001713
284314.50 5036262.40 -2.00 0.001656
284334.50 5036262.40 -2.00 0.001677
284214.50 5036282.40 -2.00 0.001567
284234.50 5036282.40 -2.00 0.001579
284254.50 5036282.40 -2.00 0.001574
284274.50 5036282.40 -2.00 0.001614
284294.50 5036282.40 -2.00 0.001623
284314.50 5036282.40 -2.00 0.001633
284334.50 5036282.40 -2.00 0.001783
284214.50 5036302.40 -2.00 0.001567
284234.50 5036302.40 -2.00 0.001568
284254.50 5036302.40 -2.00 0.001575
284274.50 5036302.40 -2.00 0.001552
284294.50 5036302.40 -2.00 0.001579
284314.50 5036302.40 -2.00 0.001607
284334.50 5036302.40 -2.00 0.001623
284214.50 5036322.40 -2.00 0.001569
284234.50 5036322.40 -2.00 0.001481
284254.50 5036322.40 -2.00 0.001494
284274.50 5036322.40 -2.00 0.001532
284294.50 5036322.40 -2.00 0.001566
284314.50 5036322.40 -2.00 0.001590
284334.50 5036322.40 -2.00 0.001605
284214.50 5036342.40 -2.00 0.001492
284234.50 5036342.40 -2.00 0.001373
284254.50 5036342.40 -2.00 0.001341
284274.50 5036342.40 -2.00 0.001508
284294.50 5036342.40 -2.00 0.001554
284314.50 5036342.40 -2.00 0.001579
284334.50 5036342.40 -2.00 0.001594
