# X Y Z i
284214.50 5036142.40 -30.00 0.001636
284234.50 5036142.40 -30.00 0.001651
284254.50 5036142.40 -30.00 0.001555
284274.50 5036142.40 -30.00 0.001674
284294.50 5036142.40 -30.00 0.001746
284314.50 5036142.40 -30.00 0.001817
284334.50 5036142.40 -30.00 0.001903
284214.50 5036162.40 -30.00 0.001624
284234.50 5036162.40 -30.00 0.001641
284254.50 5036162.40 -30.00 0.001535
284274.50 5036162.40 -30.00 0.001674
284294.50 5036162.40 -30.00 0.001753
284314.50 5036162.40 -30.00 0.001843
284334.50 5036162.40 -30.00 0.001966
284214.50 5036182.40 -30.00 0.001604
284234.50 5036182.40 -30.00 0.001622
284254.50 5036182.40 -30.00 0.001264
284274.50 5036182.40 -30.00 0.001661
284294.50 5036182.40 -30.00 0.001786
284314.50 5036182.40 -30.00 0.001870
284334.50 5036182.40 -30.00 0.002097
284214.50 5036202.40 -30.00 0.001565
284234.50 5036202.40 -30.00 0.001581
284254.50 5036202.40 -30.00 0.001624
284274.50 5036202.40 -30.00 0.001517
284294.50 5036202.40 -30.00 0.001828
284314.50 5036202.40 -30.00 0.001969
284334.50 5036202.40 -30.00 0.002344
284214.50 5036222.40 -30.00 0.001497
284234.50 5036222.40 -30.00 0.001463
284254.50 5036222.40 -30.00 0.001539
284274.50 5036222.40 -30.00 0.001315
284294.50 5036222.40 -30.00 0.001840
284314.50 5036222.40 -30.00 0.002010
284334.50 5036222.40 -30.00 0.002534
284214.50 5036242.40 -30.00 0.001459
284234.50 5036242.40 -30.00 0.000080
284254.50 5036242.40 -30.00 0.001605
284274.50 5036242.40 -30.00 0.001623
284294.50 5036242.40 -30.00 0.002046
284314.50 5036242.40 -30.00 0.002027
284334.50 5036242.40 -30.00 0.002323
284214.50 5036262.40 -30.00 0.001518
284234.50 5036262.40 -30.00 0.001511
284254.50 5036262.40 -30.00 0.001508
284274.50 5036262.40 -30.00 0.001527
284294.50 5036262.40 -30.00 0.001453
284314.50 5036262.40 -30.00 0.001879
284334.50 5036262.40 -30.00 0.002051
284214.50 5036282.40 -30.00 0.001558
284234.50 5036282.40 -30.00 0.001570
284254.50 5036282.40 -30.00 0.001588
284274.50 5036282.40 -30.00 0.001603
284294.50 5036282.40 -30.00 0.001625
284314.50 5036282.40 -30.00 0.001551
284334.50 5036282.40 -30.00 0.001924
284214.50 5036302.40 -30.00 0.001536
284234.50 5036302.40 -30.00 0.001539
284254.50 5036302.40 -30.00 0.001549
284274.50 5036302.40 -30.00 0.001501
284294.50 5036302.40 -30.00 0.001564
284314.50 5036302.40 -30.00 0.001618
284334.50 5036302.40 -30.00 0.001673
284214.50 5036322.40 -30.00 0.001504
284234.50 5036322.40 -30.00 0.001355
284254.50 5036322.40 -30.00 0.001384
284274.50 5036322.40 -30.00 0.001448
284294.50 5036322.40 -30.00 0.001517
284314.50 5036322.40 -30.00 0.001575
284334.50 5036322.40 -30.00 0.001618
284214.50 5036342.40 -30.00 0.001368
284234.50 5036342.40 -30.00 0.001304
284254.50 5036342.40 -30.00 0.001312
284274.50 5036342.40 -30.00 0.001398
284294.50 5036342.40 -30.00 0.001481
284314.50 5036342.40 -30.00 0.001540
284334.50 5036342.40 -30.00 0.001580
284214.50 5036142.40 -26.00 0.001637
284234.50 5036142.40 -26.00 0.001651
284254.50 5036142.40 -26.00 0.001563
284274.50 5036142.40 -26.00 0.001677
284294.50 5036142.40 -26.00 0.001743
284314.50 5036142.40 -26.00 0.001812
284334.50 5036142.40 -26.00 0.001900
284214.50 5036162.40 -26.00 0.001622
284234.50 5036162.40 -26.00 0.001640
284254.50 5036162.40 -26.00 0.001559
284274.50 5036162.40 -26.00 0.001681
284294.50 5036162.40 -26.00 0.001748
284314.50 5036162.40 -26.00 0.001826
284334.50 5036162.40 -26.00 0.001962
284214.50 5036182.40 -26.00 0.001603
284234.50 5036182.40 -26.00 0.001621
284254.50 5036182.40 -26.00 0.001321
284274.50 5036182.40 -26.00 0.001691
284294.50 5036182.40 -26.00 0.001785
284314.50 5036182.40 -26.00 0.001859
284334.50 5036182.40 -26.00 0.002095
284214.50 5036202.40 -26.00 0.001561
284234.50 5036202.40 -26.00 0.001578
284254.50 5036202.40 -26.00 0.001621
284274.50 5036202.40 -26.00 0.001540
284294.50 5036202.40 -26.00 0.001835
284314.50 5036202.40 -26.00 0.001971
284334.50 5036202.40 -26.00 0.002397
284214.50 5036222.40 -26.00 0.001475
284234.50 5036222.40 -26.00 0.001425
284254.50 5036222.40 -26.00 0.001510
284274.50 5036222.40 -26.00 0.001344
284294.50 5036222.40 -26.00 0.001881
284314.50 5036222.40 -26.00 0.002026
284334.50 5036222.40 -26.00 0.002647
284214.50 5036242.40 -26.00 0.001423
284234.50 5036242.40 -26.00 0.000001
284254.50 5036242.40 -26.00 0.001605
284274.50 5036242.40 -26.00 0.001617
284294.50 5036242.40 -26.00 0.002255
284314.50 5036242.40 -26.00 0.002024
284334.50 5036242.40 -26.00 0.002371
284214.50 5036262.40 -26.00 0.001503
284234.50 5036262.40 -26.00 0.001518
284254.50 5036262.40 -26.00 0.001506
284274.50 5036262.40 -26.00 0.001514
284294.50 5036262.40 -26.00 0.001489
284314.50 5036262.40 -26.00 0.001852
284334.50 5036262.40 -26.00 0.002045
284214.50 5036282.40 -26.00 0.001559
284234.50 5036282.40 -26.00 0.001572
284254.50 5036282.40 -26.00 0.001591
284274.50 5036282.40 -26.00 0.001606
284294.50 5036282.40 -26.00 0.001625
284314.50 5036282.40 -26.00 0.001237
284334.50 5036282.40 -26.00 0.001913
284214.50 5036302.40 -26.00 0.001538
284234.50 5036302.40 -26.00 0.001542
284254.50 5036302.40 -26.00 0.001557
284274.50 5036302.40 -26.00 0.001468
284294.50 5036302.40 -26.00 0.001556
284314.50 5036302.40 -26.00 0.001618
284334.50 5036302.40 -26.00 0.001674
284214.50 5036322.40 -26.00 0.001512
284234.50 5036322.40 -26.00 0.001311
284254.50 5036322.40 -26.00 0.001357
284274.50 5036322.40 -26.00 0.001433
284294.50 5036322.40 -26.00 0.001511
284314.50 5036322.40 -26.00 0.001572
284334.50 5036322.40 -26.00 0.001618
284214.50 5036342.40 -26.00 0.001343
284234.50 5036342.40 -26.00 0.001264
284254.50 5036342.40 -26.00 0.001273
284274.50 5036342.40 -26.00 0.001381
284294.50 5036342.40 -26.00 0.001474
284314.50 5036342.40 -26.00 0.001537
284334.50 5036342.40 -26.00 0.001580
284214.50 5036142.40 -22.00 0.001636
284234.50 5036142.40 -22.00 0.001651
284254.50 5036142.40 -22.00 0.001577
284274.50 5036142.40 -22.00 0.001680
284294.50 5036142.40 -22.00 0.001742
284314.50 5036142.40 -22.00 0.001806
284334.50 5036142.40 -22.00 0.001897
284214.50 5036162.40 -22.00 0.001623
284234.50 5036162.40 -22.00 0.001639
284254.50 5036162.40 -22.00 0.001579
284274.50 5036162.40 -22.00 0.001689
284294.50 5036162.40 -22.00 0.001742
284314.50 5036162.40 -22.00 0.001806
284334.50 5036162.40 -22.00 0.001955
284214.50 5036182.40 -22.00 0.001602
284234.50 5036182.40 -22.00 0.001620
284254.50 5036182.40 -22.00 0.001394
284274.50 5036182.40 -22.00 0.001713
284294.50 5036182.40 -22.00 0.001786
284314.50 5036182.40 -22.00 0.001848
284334.50 5036182.40 -22.00 0.002092
284214.50 5036202.40 -22.00 0.001559
284234.50 5036202.40 -22.00 0.001576
284254.50 5036202.40 -22.00 0.001620
284274.50 5036202.40 -22.00 0.001568
284294.50 5036202.40 -22.00 0.001844
284314.50 5036202.40 -22.00 0.001974
284334.50 5036202.40 -22.00 0.002451
284214.50 5036222.40 -22.00 0.001454
284234.50 5036222.40 -22.00 0.001364
284254.50 5036222.40 -22.00 0.001472
284274.50 5036222.40 -22.00 0.001532
284294.50 5036222.40 -22.00 0.001924
284314.50 5036222.40 -22.00 0.002046
284334.50 5036222.40 -22.00 0.002794
284214.50 5036242.40 -22.00 0.001385
284234.50 5036242.40 -22.00 0.000055
284254.50 5036242.40 -22.00 0.001612
284274.50 5036242.40 -22.00 0.001607
284294.50 5036242.40 -22.00 0.002143
284314.50 5036242.40 -22.00 0.001990
284334.50 5036242.40 -22.00 0.002419
284214.50 5036262.40 -22.00 0.001499
284234.50 5036262.40 -22.00 0.001509
284254.50 5036262.40 -22.00 0.001500
284274.50 5036262.40 -22.00 0.001512
284294.50 5036262.40 -22.00 0.001120
284314.50 5036262.40 -22.00 0.001834
284334.50 5036262.40 -22.00 0.002034
284214.50 5036282.40 -22.00 0.001560
284234.50 5036282.40 -22.00 0.001447
284254.50 5036282.40 -22.00 0.001592
284274.50 5036282.40 -22.00 0.001606
284294.50 5036282.40 -22.00 0.001623
284314.50 5036282.40 -22.00 0.001400
284334.50 5036282.40 -22.00 0.001901
284214.50 5036302.40 -22.00 0.001540
284234.50 5036302.40 -22.00 0.001546
284254.50 5036302.40 -22.00 0.001561
284274.50 5036302.40 -22.00 0.001459
284294.50 5036302.40 -22.00 0.001549
284314.50 5036302.40 -22.00 0.001616
284334.50 5036302.40 -22.00 0.001674
284214.50 5036322.40 -22.00 0.001515
284234.50 5036322.40 -22.00 0.001266
284254.50 5036322.40 -22.00 0.001333
284274.50 5036322.40 -22.00 0.001421
284294.50 5036322.40 -22.00 0.001505
284314.50 5036322.40 -22.00 0.001570
284334.50 5036322.40 -22.00 0.001617
284214.50 5036342.40 -22.00 0.001310
284234.50 5036342.40 -22.00 0.001219
284254.50 5036342.40 -22.00 0.001223
284274.50 5036342.40 -22.00 0.001363
284294.50 5036342.40 -22.00 0.001468
284314.50 5036342.40 -22.00 0.001535
284334.50 5036342.40 -22.00 0.001579
284214.50 5036142.40 -18.00 0.001635
284234.50 5036142.40 -18.00 0.001650
284254.50 5036142.40 -18.00 0.001587
284274.50 5036142.40 -18.00 0.001683
284294.50 5036142.40 -18.00 0.001741
284314.50 5036142.40 -18.00 0.001799
284334.50 5036142.40 -18.00 0.001894
284214.50 5036162.40 -18.00 0.001623
284234.50 5036162.40 -18.00 0.001637
284254.50 5036162.40 -18.00 0.001606
284274.50 5036162.40 -18.00 0.001696
284294.50 5036162.40 -18.00 0.001734
284314.50 5036162.40 -18.00 0.001785
284334.50 5036162.40 -18.00 0.001947
284214.50 5036182.40 -18.00 0.001601
284234.50 5036182.40 -18.00 0.001621
284254.50 5036182.40 -18.00 0.001536
284274.50 5036182.40 -18.00 0.001746
284294.50 5036182.40 -18.00 0.001786
284314.50 5036182.40 -18.00 0.001821
284334.50 5036182.40 -18.00 0.002081
284214.50 5036202.40 -18.00 0.001556
284234.50 5036202.40 -18.00 0.001578
284254.50 5036202.40 -18.00 0.001623
284274.50 5036202.40 -18.00 0.001569
284294.50 5036202.40 -18.00 0.001856
284314.50 5036202.40 -18.00 0.001966
284334.50 5036202.40 -18.00 0.002497
284214.50 5036222.40 -18.00 0.001432
284234.50 5036222.40 -18.00 0.001275
284254.50 5036222.40 -18.00 0.001423
284274.50 5036222.40 -18.00 0.001355
284294.50 5036222.40 -18.00 0.001950
284314.50 5036222.40 -18.00 0.002067
284334.50 5036222.40 -18.00 0.002990
284214.50 5036242.40 -18.00 0.001341
284234.50 5036242.40 -18.00 0.000171
284254.50 5036242.40 -18.00 0.001622
284274.50 5036242.40 -18.00 0.001600
284294.50 5036242.40 -18.00 0.001867
284314.50 5036242.40 -18.00 0.001986
284334.50 5036242.40 -18.00 0.002471
284214.50 5036262.40 -18.00 0.001496
284234.50 5036262.40 -18.00 0.001506
284254.50 5036262.40 -18.00 0.001495
284274.50 5036262.40 -18.00 0.001514
284294.50 5036262.40 -18.00 0.001047
284314.50 5036262.40 -18.00 0.001821
284334.50 5036262.40 -18.00 0.002016
284214.50 5036282.40 -18.00 0.001562
284234.50 5036282.40 -18.00 0.001445
284254.50 5036282.40 -18.00 0.001594
284274.50 5036282.40 -18.00 0.001604
284294.50 5036282.40 -18.00 0.001618
284314.50 5036282.40 -18.00 0.001369
284334.50 5036282.40 -18.00 0.001890
284214.50 5036302.40 -18.00 0.001542
284234.50 5036302.40 -18.00 0.001549
284254.50 5036302.40 -18.00 0.001567
284274.50 5036302.40 -18.00 0.001472
284294.50 5036302.40 -18.00 0.001544
284314.50 5036302.40 -18.00 0.001614
284334.50 5036302.40 -18.00 0.001673
284214.50 5036322.40 -18.00 0.001520
284234.50 5036322.40 -18.00 0.001254
284254.50 5036322.40 -18.00 0.001308
284274.50 5036322.40 -18.00 0.001409
284294.50 5036322.40 -18.00 0.001500
284314.50 5036322.40 -18.00 0.001569
284334.50 5036322.40 -18.00 0.001617
284214.50 5036342.40 -18.00 0.001291
284234.50 5036342.40 -18.00 0.001165
284254.50 5036342.40 -18.00 0.001162
284274.50 5036342.40 -18.00 0.001345
284294.50 5036342.40 -18.00 0.001462
284314.50 5036342.40 -18.00 0.001533
284334.50 5036342.40 -18.00 0.001578
284214.50 5036142.40 -14.00 0.001635
284234.50 5036142.40 -14.00 0.001649
284254.50 5036142.40 -14.00 0.001596
284274.50 5036142.40 -14.00 0.001686
284294.50 5036142.40 -14.00 0.001742
284314.50 5036142.40 -14.00 0.001794
284334.50 5036142.40 -14.00 0.001892
284214.50 5036162.40 -14.00 0.001621
284234.50 5036162.40 -14.00 0.001636
284254.50 5036162.40 -14.00 0.001633
284274.50 5036162.40 -14.00 0.001702
284294.50 5036162.40 -14.00 0.001725
284314.50 5036162.40 -14.00 0.001761
284334.50 5036162.40 -14.00 0.001938
284214.50 5036182.40 -14.00 0.001601
284234.50 5036182.40 -14.00 0.001621
284254.50 5036182.40 -14.00 0.001680
284274.50 5036182.40 -14.00 0.001785
284294.50 5036182.40 -14.00 0.001787
284314.50 5036182.40 -14.00 0.001790
284334.50 5036182.40 -14.00 0.002059
284214.50 5036202.40 -14.00 0.001558
284234.50 5036202.40 -14.00 0.001587
284254.50 5036202.40 -14.00 0.001629
284274.50 5036202.40 -14.00 0.001600
284294.50 5036202.40 -14.00 0.001871
284314.50 5036202.40 -14.00 0.001945
284334.50 5036202.40 -14.00 0.002538
284214.50 5036222.40 -14.00 0.001413
284234.50 5036222.40 -14.00 0.001165
284254.50 5036222.40 -14.00 0.001380
284274.50 5036222.40 -14.00 0.001237
284294.50 5036222.40 -14.00 0.001991
284314.50 5036222.40 -14.00 0.002073
284334.50 5036222.40 -14.00 0.003256
284214.50 5036242.40 -14.00 0.001290
284234.50 5036242.40 -14.00 0.000038
284254.50 5036242.40 -14.00 0.001603
284274.50 5036242.40 -14.00 0.001593
284294.50 5036242.40 -14.00 0.002126
284314.50 5036242.40 -14.00 0.001976
284334.50 5036242.40 -14.00 0.002510
284214.50 5036262.40 -14.00 0.001480
284234.50 5036262.40 -14.00 0.001498
284254.50 5036262.40 -14.00 0.001509
284274.50 5036262.40 -14.00 0.001509
284294.50 5036262.40 -14.00 0.001531
284314.50 5036262.40 -14.00 0.001802
284334.50 5036262.40 -14.00 0.001986
284214.50 5036282.40 -14.00 0.001562
284234.50 5036282.40 -14.00 0.001445
284254.50 5036282.40 -14.00 0.001595
284274.50 5036282.40 -14.00 0.001605
284294.50 5036282.40 -14.00 0.001616
284314.50 5036282.40 -14.00 0.001160
284334.50 5036282.40 -14.00 0.001878
284214.50 5036302.40 -14.00 0.001543
284234.50 5036302.40 -14.00 0.001553
284254.50 5036302.40 -14.00 0.001569
284274.50 5036302.40 -14.00 0.001449
284294.50 5036302.40 -14.00 0.001540
284314.50 5036302.40 -14.00 0.001611
284334.50 5036302.40 -14.00 0.001675
284214.50 5036322.40 -14.00 0.001525
284234.50 5036322.40 -14.00 0.001227
284254.50 5036322.40 -14.00 0.001287
284274.50 5036322.40 -14.00 0.001399
284294.50 5036322.40 -14.00 0.001496
284314.50 5036322.40 -14.00 0.001566
284334.50 5036322.40 -14.00 0.001616
284214.50 5036342.40 -14.00 0.001275
284234.50 5036342.40 -14.00 0.001106
284254.50 5036342.40 -14.00 0.001089
284274.50 5036342.40 -14.00 0.001328
284294.50 5036342.40 -14.00 0.001456
284314.50 5036342.40 -14.00 0.001530
284334.50 5036342.40 -14.00 0.001577
284214.50 5036142.40 -10.00 0.001635
284234.50 5036142.40 -10.00 0.001650
284254.50 5036142.40 -10.00 0.001601
284274.50 5036142.40 -10.00 0.001690
284294.50 5036142.40 -10.00 0.001749
284314.50 5036142.40 -10.00 0.001788
284334.50 5036142.40 -10.00 0.001889
284214.50 5036162.40 -10.00 0.001622
284234.50 5036162.40 -10.00 0.001634
284254.50 5036162.40 -10.00 0.001660
284274.50 5036162.40 -10.00 0.001707
284294.50 5036162.40 -10.00 0.001716
284314.50 5036162.40 -10.00 0.001717
284334.50 5036162.40 -10.00 0.001929
284214.50 5036182.40 -10.00 0.001600
284234.50 5036182.40 -10.00 0.001620
284254.50 5036182.40 -10.00 0.001844
284274.50 5036182.40 -10.00 0.001826
284294.50 5036182.40 -10.00 0.001786
284314.50 5036182.40 -10.00 0.001743
284334.50 5036182.40 -10.00 0.002032
284214.50 5036202.40 -10.00 0.001561
284234.50 5036202.40 -10.00 0.001606
284254.50 5036202.40 -10.00 0.001641
284274.50 5036202.40 -10.00 0.001663
284294.50 5036202.40 -10.00 0.001881
284314.50 5036202.40 -10.00 0.001908
284334.50 5036202.40 -10.00 0.002548
284214.50 5036222.40 -10.00 0.001397
284234.50 5036222.40 -10.00 0.001008
284254.50 5036222.40 -10.00 0.001336
284274.50 5036222.40 -10.00 0.001280
284294.50 5036222.40 -10.00 0.002047
284314.50 5036222.40 -10.00 0.002071
284334.50 5036222.40 -10.00 0.003606
284214.50 5036242.40 -10.00 0.001244
284234.50 5036242.40 -10.00 0.000055
284254.50 5036242.40 -10.00 0.001604
284274.50 5036242.40 -10.00 0.001589
284294.50 5036242.40 -10.00 0.002126
284314.50 5036242.40 -10.00 0.001957
284334.50 5036242.40 -10.00 0.002531
284214.50 5036262.40 -10.00 0.001476
284234.50 5036262.40 -10.00 0.001492
284254.50 5036262.40 -10.00 0.001504
284274.50 5036262.40 -10.00 0.001506
284294.50 5036262.40 -10.00 0.001544
284314.50 5036262.40 -10.00 0.001772
284334.50 5036262.40 -10.00 0.001951
284214.50 5036282.40 -10.00 0.001440
284234.50 5036282.40 -10.00 0.001443
284254.50 5036282.40 -10.00 0.001596
284274.50 5036282.40 -10.00 0.001600
284294.50 5036282.40 -10.00 0.001614
284314.50 5036282.40 -10.00 0.001290
284334.50 5036282.40 -10.00 0.001869
284214.50 5036302.40 -10.00 0.001545
284234.50 5036302.40 -10.00 0.001554
284254.50 5036302.40 -10.00 0.001573
284274.50 5036302.40 -10.00 0.001442
284294.50 5036302.40 -10.00 0.001536
284314.50 5036302.40 -10.00 0.001610
284334.50 5036302.40 -10.00 0.001674
284214.50 5036322.40 -10.00 0.001527
284234.50 5036322.40 -10.00 0.001186
284254.50 5036322.40 -10.00 0.001268
284274.50 5036322.40 -10.00 0.001389
284294.50 5036322.40 -10.00 0.001492
284314.50 5036322.40 -10.00 0.001565
284334.50 5036322.40 -10.00 0.001616
284214.50 5036342.40 -10.00 0.001256
284234.50 5036342.40 -10.00 0.001046
284254.50 5036342.40 -10.00 0.000984
284274.50 5036342.40 -10.00 0.001312
284294.50 5036342.40 -10.00 0.001453
284314.50 5036342.40 -10.00 0.001530
284334.50 5036342.40 -10.00 0.001577
284214.50 5036142.40 -6.00 0.001635
284234.50 5036142.40 -6.00 0.001650
284254.50 5036142.40 -6.00 0.001604
284274.50 5036142.40 -6.00 0.001693
284294.50 5036142.40 -6.00 0.001767
284314.50 5036142.40 -6.00 0.001784
284334.50 5036142.40 -6.00 0.001888
284214.50 5036162.40 -6.00 0.001622
284234.50 5036162.40 -6.00 0.001633
284254.50 5036162.40 -6.00 0.001676
284274.50 5036162.40 -6.00 0.001711
284294.50 5036162.40 -6.00 0.001710
284314.50 5036162.40 -6.00 0.001683
284334.50 5036162.40 -6.00 0.001921
284214.50 5036182.40 -6.00 0.001599
284234.50 5036182.40 -6.00 0.001617
284254.50 5036182.40 -6.00 0.001941
284274.50 5036182.40 -6.00 0.001848
284294.50 5036182.40 -6.00 0.001784
284314.50 5036182.40 -6.00 0.001693
284334.50 5036182.40 -6.00 0.002002
284214.50 5036202.40 -6.00 0.001566
284234.50 5036202.40 -6.00 0.001635
284254.50 5036202.40 -6.00 0.001657
284274.50 5036202.40 -6.00 0.001759
284294.50 5036202.40 -6.00 0.001900
284314.50 5036202.40 -6.00 0.001859
284334.50 5036202.40 -6.00 0.002496
284214.50 5036222.40 -6.00 0.001388
284234.50 5036222.40 -6.00 0.000771
284254.50 5036222.40 -6.00 0.001329
284274.50 5036222.40 -6.00 0.001300
284294.50 5036222.40 -6.00 0.002110
284314.50 5036222.40 -6.00 0.002054
284334.50 5036222.40 -6.00 0.004073
284214.50 5036242.40 -6.00 0.001205
284234.50 5036242.40 -6.00 0.000001
284254.50 5036242.40 -6.00 0.001586
284274.50 5036242.40 -6.00 0.001586
284294.50 5036242.40 -6.00 0.002124
284314.50 5036242.40 -6.00 0.001931
284334.50 5036242.40 -6.00 0.002512
284214.50 5036262.40 -6.00 0.001478
284234.50 5036262.40 -6.00 0.001489
284254.50 5036262.40 -6.00 0.001502
284274.50 5036262.40 -6.00 0.001504
284294.50 5036262.40 -6.00 0.001537
284314.50 5036262.40 -6.00 0.001746
284334.50 5036262.40 -6.00 0.001913
284214.50 5036282.40 -6.00 0.001439
284234.50 5036282.40 -6.00 0.001444
284254.50 5036282.40 -6.00 0.001460
284274.50 5036282.40 -6.00 0.001600
284294.50 5036282.40 -6.00 0.001614
284314.50 5036282.40 -6.00 0.000916
284334.50 5036282.40 -6.00 0.001861
284214.50 5036302.40 -6.00 0.001546
284234.50 5036302.40 -6.00 0.001556
284254.50 5036302.40 -6.00 0.001575
284274.50 5036302.40 -6.00 0.001444
284294.50 5036302.40 -6.00 0.001534
284314.50 5036302.40 -6.00 0.001610
284334.50 5036302.40 -6.00 0.001676
284214.50 5036322.40 -6.00 0.001529
284234.50 5036322.40 -6.00 0.001191
284254.50 5036322.40 -6.00 0.001255
284274.50 5036322.40 -6.00 0.001383
284294.50 5036322.40 -6.00 0.001489
284314.50 5036322.40 -6.00 0.001564
284334.50 5036322.40 -6.00 0.001616
284214.50 5036342.40 -6.00 0.001246
284234.50 5036342.40 -6.00 0.000965
284254.50 5036342.40 -6.00 0.000858
284274.50 5036342.40 -6.00 0.001301
284294.50 5036342.40 -6.00 0.001450
284314.50 5036342.40 -6.00 0.001528
284334.50 5036342.40 -6.00 0.001576
284214.50 5036142.40 -2.00 0.001635
284234.50 5036142.40 -2.00 0.001649
284254.50 5036142.40 -2.00 0.001605
284274.50 5036142.40 -2.00 0.001694
284294.50 5036142.40 -2.00 0.001785
284314.50 5036142.40 -2.00 0.001782
284334.50 5036142.40 -2.00 0.001887
284214.50 5036162.40 -2.00 0.001621
284234.50 5036162.40 -2.00 0.001632
284254.50 5036162.40 -2.00 0.001689
284274.50 5036162.40 -2.00 0.001714
284294.50 5036162.40 -2.00 0.001708
284314.50 5036162.40 -2.00 0.001650
284334.50 5036162.40 -2.00 0.001921
284214.50 5036182.40 -2.00 0.001598
284234.50 5036182.40 -2.00 0.001613
284254.50 5036182.40 -2.00 0.001740
284274.50 5036182.40 -2.00 0.001746
284294.50 5036182.40 -2.00 0.001777
284314.50 5036182.40 -2.00 0.001657
284334.50 5036182.40 -2.00 0.001973
284214.50 5036202.40 -2.00 0.001571
284234.50 5036202.40 -2.00 0.001670
284254.50 5036202.40 -2.00 0.001671
284274.50 5036202.40 -2.00 0.001872
284294.50 5036202.40 -2.00 0.001913
284314.50 5036202.40 -2.00 0.001806
284334.50 5036202.40 -2.00 0.002263
284214.50 5036222.40 -2.00 0.001383
284234.50 5036222.40 -2.00 0.000000
284254.50 5036222.40 -2.00 0.001471
284274.50 5036222.40 -2.00 0.001321
284294.50 5036222.40 -2.00 0.002183
284314.50 5036222.40 -2.00 0.002024
284334.50 5036222.40 -2.00 0.004452
284214.50 5036242.40 -2.00 0.001183
284234.50 5036242.40 -2.00 0.000053
284254.50 5036242.40 -2.00 0.001578
284274.50 5036242.40 -2.00 0.001585
284294.50 5036242.40 -2.00 0.002020
284314.50 5036242.40 -2.00 0.001905
284334.50 5036242.40 -2.00 0.002399
284214.50 5036262.40 -2.00 0.001472
284234.50 5036262.40 -2.00 0.001486
284254.50 5036262.40 -2.00 0.001501
284274.50 5036262.40 -2.00 0.001504
284294.50 5036262.40 -2.00 0.000000
284314.50 5036262.40 -2.00 0.001735
284334.50 5036262.40 -2.00 0.001892
284214.50 5036282.40 -2.00 0.001439
284234.50 5036282.40 -2.00 0.001444
284254.50 5036282.40 -2.00 0.001460
284274.50 5036282.40 -2.00 0.001600
284294.50 5036282.40 -2.00 0.001617
284314.50 5036282.40 -2.00 0.001266
284334.50 5036282.40 -2.00 0.001860
284214.50 5036302.40 -2.00 0.001545
284234.50 5036302.40 -2.00 0.001557
284254.50 5036302.40 -2.00 0.001577
284274.50 5036302.40 -2.00 0.001448
284294.50 5036302.40 -2.00 0.001533
284314.50 5036302.40 -2.00 0.001610
284334.50 5036302.40 -2.00 0.001675
284214.50 5036322.40 -2.00 0.001529
284234.50 5036322.40 -2.00 0.001182
284254.50 5036322.40 -2.00 0.001248
284274.50 5036322.40 -2.00 0.001380
284294.50 5036322.40 -2.00 0.001488
284314.50 5036322.40 -2.00 0.001564
284334.50 5036322.40 -2.00 0.001615
284214.50 5036342.40 -2.00 0.001237
284234.50 5036342.40 -2.00 0.000923
284254.50 5036342.40 -2.00 0.000814
284274.50 5036342.40 -2.00 0.001295
284294.50 5036342.40 -2.00 0.001448
284314.50 5036342.40 -2.00 0.001528
284334.50 5036342.40 -2.00 0.001576
