-1.118629833622630104e-02
-8.378667959058306094e-03
-8.873374022048144405e-03
-9.570561789355438650e-03
-1.015427586328233184e-02
-1.019579878656058647e-02
-1.153001884632513796e-02
-1.104035807783386620e-02
-1.033548524881521685e-02
-9.344912513391815528e-03
-8.863181318992774393e-03
-1.046592427501839666e-02
-1.120995533141043443e-02
-8.501560282747953542e-03
-9.060393963127064132e-03
-1.088914189657541956e-02
-1.198784204620771329e-02
-1.326778961052834521e-02
-1.486753110808925436e-02
-1.327109834386096948e-02
-1.117430484663285185e-02
-6.716223439725006739e-03
-1.153912433076077423e-02
-4.476582938151335914e-03
-4.384930742091380090e-03
-8.067563312782995502e-03
-1.168568668023041955e-02
-1.561635534678208065e-02
-1.693440528394209860e-02
-2.074649290679996677e-02
-1.728166481720440351e-02
-1.282865219093066306e-02
-1.255342276721947009e-03
8.404438042672626036e-03
3.047332453704795080e-02
4.696947749079669054e-02
5.372569297512964914e-02
5.656520004582140521e-02
5.513519700052969819e-02
4.917627194626757181e-02
5.256241088771887449e-02
5.855930629046615654e-02
5.920405331786977171e-02
5.417927164858671318e-02
4.274509622047573121e-02
2.925419655462990071e-02
1.478281399661258814e-02
3.364733253794591206e-03
-6.627603901662969255e-03
-1.603847620309211200e-02
-2.188604188685360982e-02
-2.654159485167498223e-02
-3.750424886966222809e-02
-3.029206481388045658e-02
-1.955296511731546144e-02
-7.432758470093295267e-03
5.561520112203280873e-03
1.996644453188398810e-02
3.776696884818295935e-02
5.599850700223095445e-02
7.271720026127051484e-02
8.110069979181486199e-02
7.792927468621861642e-02
6.696192721445562435e-02
9.072382209662577246e-02
1.170975568129663524e-01
1.114431253225251217e-01
4.879013412530873450e-02
2.664515166290375853e-02
7.779487661622848382e-03
-1.002247582710369400e-02
-2.728021670565413531e-02
-4.563426577722780320e-02
-5.880198116484985915e-02
-1.189640153339555362e-01
-7.434958433537228184e-02
-3.751951227564365166e-02
-1.232203400352956807e-02
8.465080161429256941e-03
3.159598516279267522e-02
6.092765470542556988e-02
1.068718243380728239e-01
1.919158306035519956e-01
2.932551382840525855e-01
2.029064333659038044e-01
1.224914659619500412e-01
1.414977594814709749e-01
2.926440977931473730e-01
2.663030274935650255e+00
2.892410436452107492e-01
1.233932010840274041e-01
6.680933329671449872e-02
3.397926820306813867e-02
9.442751138742303332e-03
-1.370971601387169919e-02
-4.419199639447482508e-02
-1.055851780584006611e-01
-5.081329915564454236e-01
5.211374457490453721e-02
5.643111651770413295e-02
5.845124564457954142e-02
5.130354024832112225e-02
3.834716368936338937e-02
2.051405030778841523e-02
2.236045479326286001e-04
-7.616425856159833585e-03
-1.113550388956434378e-02
-1.269787912052957810e-02
5.607104164879327113e-02
5.960714232540584301e-02
5.764645069891033424e-02
4.927543934801343478e-02
3.615646684666876109e-02
2.214285412159659044e-02
9.041761621425377024e-03
1.561380316694394900e-03
-2.991416040791346209e-03
-5.612533885300500722e-03
-7.685466998357273760e-03
-8.814114661160603326e-03
-8.765582678268961023e-03
9.999999875926829191e+03
-7.329622276754793608e-05
1.111412016883833731e-04
-1.803835134709733112e-04
1.903538981479976910e-04
-2.212862210343446989e-04
1.793807248690604261e-04
-1.775602086475439045e-04
1.492560305447754310e-04
-4.683054252035967480e-05
1.294670641534753641e-04
9.880067949714910203e-05
-4.639059497571484947e-05
5.916473692066381851e-06
-2.638467917538273033e-04
-1.913566867499244539e-04
-2.482276384484297105e-04
-2.514109153586227552e-04
-7.733236554109679251e-05
-1.973491750388439714e-04
1.598015923017573336e-04
-2.226882016495568273e-04
2.862066402956678357e-04
-3.198584922535080421e-04
2.737108535719318114e-04
2.153562699745703579e-05
-1.109130094445603953e-04
-2.046141384257765816e-05
-2.261380470738941217e-04
-1.427695751577556793e-05
-2.948173818514837619e-04
-7.094412704493346933e-05
-2.857267668129950811e-04
-2.351839883732928516e-04
-2.110106447630391568e-04
-1.207560510760180561e-04
1.188563431344172305e-04
-9.368941063186975171e-05
1.469794460224743693e-04
-8.914074862016729828e-05
2.475392650926055982e-05
-5.186342477286887132e-06
-1.040614874661671685e-05
3.771995005022454883e-06
-1.518283521265706426e-04
9.468299952416353582e-05
-3.157501142532700977e-04
4.951848795470836784e-04
-5.552065934942285175e-04
-2.159149301450835612e-04
-2.486942911978651249e-04
-1.243008238760445749e-04
-1.454554378016448268e-05
-1.466085458572408129e-04
1.259653759032586251e-04
-1.601497671216770002e-04
6.589543927580654437e-05
-1.447734797167810061e-04
8.444735641509326651e-06
-1.734137724604817299e-04
-6.045482085020870144e-05
1.823381727261708107e-05
-4.572389892275180445e-04
1.621009580737853284e-05
-4.267074949726445965e-04
-2.066784824846928936e-04
-3.765291637137652137e-04
-2.176004707559742180e-04
-1.609243322556255795e-04
-2.136730362085059731e-04
9.854759350485381431e-05
-4.173755824823099925e-04
3.370911980059843049e-04
4.876531152749052911e-05
-2.246081450285597469e-05
6.638842706625791568e-05
-1.292216071407392697e-04
8.926348973446740498e-06
-3.022069511647643147e-04
4.187145500450517588e-05
-4.220434489373980913e-04
2.487056829262451751e-05
-4.010106709493033161e-04
-2.507291998397886967e-05
-3.543705423776771779e-04
-5.799548111040664367e-05
1.439261806531061394e-04
-1.065969169577671294e-04
1.231475122710767867e-04
-1.109101487991870361e-04
7.899982893110751858e-05
6.290423299259301215e-05
1.122405107991594764e-04
7.151069686425065575e-05
-1.098478551450413065e-04
2.780416544216623986e-04
-5.440855846180758792e-04
-7.877414949243599640e-05
-4.639786447667437752e-04
-1.507446002977363975e-04
-3.021525327490115487e-04
-7.766946693113507827e-05
7.245110068577337303e-05
-1.591841329516008319e-04
3.400995480854901443e-04
-3.627270326087769781e-04
3.969574560522548534e-04
-9.681776305659750559e-04
6.143144011815926397e-04
8.305196252529623013e-05
-4.875705868142565791e-04
2.238590331370485242e-04
-6.300850323564671784e-04
1.899789804685886319e-04
-3.928947442770197584e-04
-1.023262249848361227e-04
-1.460581606279459654e-04
-1.453700874794461306e-04
3.131342131714731636e-04
-2.814773448418864121e-04
8.713564438344867380e-04
-5.946248301692824700e-05
4.610493212165028831e-04
4.368155641176554860e-04
3.568661488145830063e-04
4.128521431835674438e-04
7.574614373152474545e-04
-7.329622276754793608e-05
1.111412016883833731e-04
-1.803835134709733112e-04
1.903538981479976910e-04
-2.212862210343446989e-04
1.793807248690604261e-04
-1.775602086475439045e-04
1.492560305447754310e-04
-4.683054252035967480e-05
1.294670641534753641e-04
9.880067949714910203e-05
-4.639059497571484947e-05
5.916473692066381851e-06
-2.638467917538273033e-04
-1.913566867499244539e-04
-2.482276384484297105e-04
-2.514109153586227552e-04
-7.733236554109679251e-05
-1.973491750388439714e-04
1.598015923017573336e-04
-2.226882016495568273e-04
2.862066402956678357e-04
-3.198584922535080421e-04
2.737108535719318114e-04
2.153562699745703579e-05
-1.109130094445603953e-04
-2.046141384257765816e-05
-2.261380470738941217e-04
-1.427695751577556793e-05
-2.948173818514837619e-04
-7.094412704493346933e-05
-2.857267668129950811e-04
-2.351839883732928516e-04
-2.110106447630391568e-04
-1.207560510760180561e-04
1.188563431344172305e-04
-9.368941063186975171e-05
1.469794460224743693e-04
-8.914074862016729828e-05
2.475392650926055982e-05
-5.186342477286887132e-06
-1.040614874661671685e-05
3.771995005022454883e-06
-1.518283521265706426e-04
9.468299952416353582e-05
-3.157501142532700977e-04
4.951848795470836784e-04
-5.552065934942285175e-04
-2.159149301450835612e-04
-2.486942911978651249e-04
-1.243008238760445749e-04
-1.454554378016448268e-05
-1.466085458572408129e-04
1.259653759032586251e-04
-1.601497671216770002e-04
6.589543927580654437e-05
-1.447734797167810061e-04
8.444735641509326651e-06
-1.734137724604817299e-04
-6.045482085020870144e-05
1.823381727261708107e-05
-4.572389892275180445e-04
1.621009580737853284e-05
-4.267074949726445965e-04
-2.066784824846928936e-04
-3.765291637137652137e-04
-2.176004707559742180e-04
-1.609243322556255795e-04
-2.136730362085059731e-04
9.854759350485381431e-05
-4.173755824823099925e-04
3.370911980059843049e-04
4.876531152749052911e-05
-2.246081450285597469e-05
6.638842706625791568e-05
-1.292216071407392697e-04
8.926348973446740498e-06
-3.022069511647643147e-04
4.187145500450517588e-05
-4.220434489373980913e-04
2.487056829262451751e-05
-4.010106709493033161e-04
-2.507291998397886967e-05
-3.543705423776771779e-04
-5.799548111040664367e-05
1.439261806531061394e-04
-1.065969169577671294e-04
1.231475122710767867e-04
-1.109101487991870361e-04
7.899982893110751858e-05
6.290423299259301215e-05
1.122405107991594764e-04
7.151069686425065575e-05
-1.098478551450413065e-04
2.780416544216623986e-04
-5.440855846180758792e-04
-7.877414949243599640e-05
-4.639786447667437752e-04
-1.507446002977363975e-04
-3.021525327490115487e-04
-7.766946693113507827e-05
7.245110068577337303e-05
-1.591841329516008319e-04
3.400995480854901443e-04
-3.627270326087769781e-04
3.969574560522548534e-04
-9.681776305659750559e-04
6.143144011815926397e-04
8.305196252529623013e-05
-4.875705868142565791e-04
2.238590331370485242e-04
-6.300850323564671784e-04
1.899789804685886319e-04
-3.928947442770197584e-04
-1.023262249848361227e-04
-1.460581606279459654e-04
-1.453700874794461306e-04
3.131342131714731636e-04
-2.814773448418864121e-04
8.713564438344867380e-04
-5.946248301692824700e-05
4.610493212165028831e-04
4.368155641176554860e-04
3.568661488145830063e-04
4.128521431835674438e-04
7.574614373152474545e-04
-7.329622276754793608e-05
1.111412016883833731e-04
-1.803835134709733112e-04
1.903538981479976910e-04
-2.212862210343446989e-04
1.793807248690604261e-04
-1.775602086475439045e-04
1.492560305447754310e-04
-4.683054252035967480e-05
1.294670641534753641e-04
9.880067949714910203e-05
-4.639059497571484947e-05
5.916473692066381851e-06
-2.638467917538273033e-04
-1.913566867499244539e-04
-2.482276384484297105e-04
-2.514109153586227552e-04
-7.733236554109679251e-05
-1.973491750388439714e-04
1.598015923017573336e-04
-2.226882016495568273e-04
2.862066402956678357e-04
-3.198584922535080421e-04
2.737108535719318114e-04
2.153562699745703579e-05
-1.109130094445603953e-04
-2.046141384257765816e-05
-2.261380470738941217e-04
-1.427695751577556793e-05
-2.948173818514837619e-04
-7.094412704493346933e-05
-2.857267668129950811e-04
-2.351839883732928516e-04
-2.110106447630391568e-04
-1.207560510760180561e-04
1.188563431344172305e-04
-9.368941063186975171e-05
1.469794460224743693e-04
-8.914074862016729828e-05
2.475392650926055982e-05
-5.186342477286887132e-06
-1.040614874661671685e-05
3.771995005022454883e-06
-1.518283521265706426e-04
9.468299952416353582e-05
-3.157501142532700977e-04
4.951848795470836784e-04
-5.552065934942285175e-04
-2.159149301450835612e-04
-2.486942911978651249e-04
-1.243008238760445749e-04
-1.454554378016448268e-05
-1.466085458572408129e-04
1.259653759032586251e-04
-1.601497671216770002e-04
6.589543927580654437e-05
-1.447734797167810061e-04
8.444735641509326651e-06
-1.734137724604817299e-04
-6.045482085020870144e-05
1.823381727261708107e-05
-4.572389892275180445e-04
1.621009580737853284e-05
-4.267074949726445965e-04
-2.066784824846928936e-04
-3.765291637137652137e-04
-2.176004707559742180e-04
-1.609243322556255795e-04
-2.136730362085059731e-04
9.854759350485381431e-05
-4.173755824823099925e-04
3.370911980059843049e-04
4.876531152749052911e-05
-2.246081450285597469e-05
6.638842706625791568e-05
-1.292216071407392697e-04
8.926348973446740498e-06
-3.022069511647643147e-04
4.187145500450517588e-05
-4.220434489373980913e-04
2.487056829262451751e-05
-4.010106709493033161e-04
-2.507291998397886967e-05
-3.543705423776771779e-04
-5.799548111040664367e-05
1.439261806531061394e-04
-1.065969169577671294e-04
1.231475122710767867e-04
-1.109101487991870361e-04
7.899982893110751858e-05
6.290423299259301215e-05
1.122405107991594764e-04
7.151069686425065575e-05
-1.098478551450413065e-04
2.780416544216623986e-04
-5.440855846180758792e-04
-7.877414949243599640e-05
-4.639786447667437752e-04
-1.507446002977363975e-04
-3.021525327490115487e-04
-7.766946693113507827e-05
7.245110068577337303e-05
-1.591841329516008319e-04
3.400995480854901443e-04
-3.627270326087769781e-04
3.969574560522548534e-04
-9.681776305659750559e-04
6.143144011815926397e-04
8.305196252529623013e-05
-4.875705868142565791e-04
2.238590331370485242e-04
-6.300850323564671784e-04
1.899789804685886319e-04
-3.928947442770197584e-04
-1.023262249848361227e-04
-1.460581606279459654e-04
-1.453700874794461306e-04
3.131342131714731636e-04
-2.814773448418864121e-04
8.713564438344867380e-04
-5.946248301692824700e-05
4.610493212165028831e-04
4.368155641176554860e-04
3.568661488145830063e-04
4.128521431835674438e-04
7.574614373152474545e-04
-7.329622276754793608e-05
1.111412016883833731e-04
-1.803835134709733112e-04
1.903538981479976910e-04
-2.212862210343446989e-04
1.793807248690604261e-04
-1.775602086475439045e-04
1.492560305447754310e-04
-4.683054252035967480e-05
1.294670641534753641e-04
9.880067949714910203e-05
-4.639059497571484947e-05
5.916473692066381851e-06
-2.638467917538273033e-04
-1.913566867499244539e-04
-2.482276384484297105e-04
-2.514109153586227552e-04
-7.733236554109679251e-05
-1.973491750388439714e-04
1.598015923017573336e-04
-2.226882016495568273e-04
2.862066402956678357e-04
-3.198584922535080421e-04
2.737108535719318114e-04
2.153562699745703579e-05
-1.109130094445603953e-04
-2.046141384257765816e-05
-2.261380470738941217e-04
-1.427695751577556793e-05
-2.948173818514837619e-04
-7.094412704493346933e-05
-2.857267668129950811e-04
-2.351839883732928516e-04
-2.110106447630391568e-04
-1.207560510760180561e-04
1.188563431344172305e-04
-9.368941063186975171e-05
1.469794460224743693e-04
-8.914074862016729828e-05
2.475392650926055982e-05
-5.186342477286887132e-06
-1.040614874661671685e-05
3.771995005022454883e-06
-1.518283521265706426e-04
9.468299952416353582e-05
-3.157501142532700977e-04
4.951848795470836784e-04
-5.552065934942285175e-04
-2.159149301450835612e-04
-2.486942911978651249e-04
-1.243008238760445749e-04
-1.454554378016448268e-05
-1.466085458572408129e-04
1.259653759032586251e-04
-1.601497671216770002e-04
6.589543927580654437e-05
-1.447734797167810061e-04
8.444735641509326651e-06
-1.734137724604817299e-04
-6.045482085020870144e-05
1.823381727261708107e-05
-4.572389892275180445e-04
1.621009580737853284e-05
-4.267074949726445965e-04
-2.066784824846928936e-04
-3.765291637137652137e-04
-2.176004707559742180e-04
-1.609243322556255795e-04
-2.136730362085059731e-04
9.854759350485381431e-05
-4.173755824823099925e-04
3.370911980059843049e-04
4.876531152749052911e-05
-2.246081450285597469e-05
6.638842706625791568e-05
-1.292216071407392697e-04
8.926348973446740498e-06
-3.022069511647643147e-04
4.187145500450517588e-05
-4.220434489373980913e-04
2.487056829262451751e-05
-4.010106709493033161e-04
-2.507291998397886967e-05
-3.543705423776771779e-04
-5.799548111040664367e-05
1.439261806531061394e-04
-1.065969169577671294e-04
1.231475122710767867e-04
-1.109101487991870361e-04
7.899982893110751858e-05
6.290423299259301215e-05
1.122405107991594764e-04
7.151069686425065575e-05
-1.098478551450413065e-04
2.780416544216623986e-04
-5.440855846180758792e-04
-7.877414949243599640e-05
-4.639786447667437752e-04
-1.507446002977363975e-04
-3.021525327490115487e-04
-7.766946693113507827e-05
7.245110068577337303e-05
-1.591841329516008319e-04
3.400995480854901443e-04
-3.627270326087769781e-04
3.969574560522548534e-04
-9.681776305659750559e-04
6.143144011815926397e-04
8.305196252529623013e-05
-4.875705868142565791e-04
2.238590331370485242e-04
-6.300850323564671784e-04
1.899789804685886319e-04
-3.928947442770197584e-04
-1.023262249848361227e-04
-1.460581606279459654e-04
-1.453700874794461306e-04
3.131342131714731636e-04
-2.814773448418864121e-04
8.713564438344867380e-04
-5.946248301692824700e-05
4.610493212165028831e-04
4.368155641176554860e-04
3.568661488145830063e-04
4.128521431835674438e-04
7.574614373152474545e-04
-7.329622276754793608e-05
1.111412016883833731e-04
-1.803835134709733112e-04
1.903538981479976910e-04
-2.212862210343446989e-04
1.793807248690604261e-04
-1.775602086475439045e-04
1.492560305447754310e-04
-4.683054252035967480e-05
1.294670641534753641e-04
9.880067949714910203e-05
-4.639059497571484947e-05
5.916473692066381851e-06
-2.638467917538273033e-04
-1.913566867499244539e-04
-2.482276384484297105e-04
-2.514109153586227552e-04
-7.733236554109679251e-05
-1.973491750388439714e-04
1.598015923017573336e-04
-2.226882016495568273e-04
2.862066402956678357e-04
-3.198584922535080421e-04
2.737108535719318114e-04
2.153562699745703579e-05
-1.109130094445603953e-04
-2.046141384257765816e-05
-2.261380470738941217e-04
-1.427695751577556793e-05
-2.948173818514837619e-04
-7.094412704493346933e-05
-2.857267668129950811e-04
-2.351839883732928516e-04
-2.110106447630391568e-04
-1.207560510760180561e-04
1.188563431344172305e-04
-9.368941063186975171e-05
1.469794460224743693e-04
-8.914074862016729828e-05
2.475392650926055982e-05
-5.186342477286887132e-06
-1.040614874661671685e-05
3.771995005022454883e-06
-1.518283521265706426e-04
9.468299952416353582e-05
-3.157501142532700977e-04
4.951848795470836784e-04
-5.552065934942285175e-04
-2.159149301450835612e-04
-2.486942911978651249e-04
-1.243008238760445749e-04
-1.454554378016448268e-05
-1.466085458572408129e-04
1.259653759032586251e-04
-1.601497671216770002e-04
6.589543927580654437e-05
-1.447734797167810061e-04
8.444735641509326651e-06
-1.734137724604817299e-04
-6.045482085020870144e-05
1.823381727261708107e-05
-4.572389892275180445e-04
1.621009580737853284e-05
-4.267074949726445965e-04
-2.066784824846928936e-04
-3.765291637137652137e-04
-2.176004707559742180e-04
-1.609243322556255795e-04
-2.136730362085059731e-04
9.854759350485381431e-05
-4.173755824823099925e-04
3.370911980059843049e-04
4.876531152749052911e-05
-2.246081450285597469e-05
6.638842706625791568e-05
-1.292216071407392697e-04
8.926348973446740498e-06
-3.022069511647643147e-04
4.187145500450517588e-05
-4.220434489373980913e-04
2.487056829262451751e-05
-4.010106709493033161e-04
-2.507291998397886967e-05
-3.543705423776771779e-04
-5.799548111040664367e-05
1.439261806531061394e-04
-1.065969169577671294e-04
1.231475122710767867e-04
-1.109101487991870361e-04
7.899982893110751858e-05
6.290423299259301215e-05
1.122405107991594764e-04
7.151069686425065575e-05
-1.098478551450413065e-04
2.780416544216623986e-04
-5.440855846180758792e-04
-7.877414949243599640e-05
-4.639786447667437752e-04
-1.507446002977363975e-04
-3.021525327490115487e-04
-7.766946693113507827e-05
7.245110068577337303e-05
-1.591841329516008319e-04
3.400995480854901443e-04
-3.627270326087769781e-04
3.969574560522548534e-04
-9.681776305659750559e-04
6.143144011815926397e-04
8.305196252529623013e-05
-4.875705868142565791e-04
2.238590331370485242e-04
-6.300850323564671784e-04
1.899789804685886319e-04
-3.928947442770197584e-04
-1.023262249848361227e-04
-1.460581606279459654e-04
-1.453700874794461306e-04
3.131342131714731636e-04
-2.814773448418864121e-04
8.713564438344867380e-04
-5.946248301692824700e-05
4.610493212165028831e-04
4.368155641176554860e-04
3.568661488145830063e-04
4.128521431835674438e-04
7.574614373152474545e-04
-7.329622276754793608e-05
1.111412016883833731e-04
-1.803835134709733112e-04
1.903538981479976910e-04
-2.212862210343446989e-04
1.793807248690604261e-04
-1.775602086475439045e-04
1.492560305447754310e-04
-4.683054252035967480e-05
1.294670641534753641e-04
9.880067949714910203e-05
-4.639059497571484947e-05
5.916473692066381851e-06
-2.638467917538273033e-04
-1.913566867499244539e-04
-2.482276384484297105e-04
-2.514109153586227552e-04
-7.733236554109679251e-05
-1.973491750388439714e-04
1.598015923017573336e-04
-2.226882016495568273e-04
2.862066402956678357e-04
-3.198584922535080421e-04
2.737108535719318114e-04
2.153562699745703579e-05
-1.109130094445603953e-04
-2.046141384257765816e-05
-2.261380470738941217e-04
-1.427695751577556793e-05
-2.948173818514837619e-04
-7.094412704493346933e-05
-2.857267668129950811e-04
-2.351839883732928516e-04
-2.110106447630391568e-04
-1.207560510760180561e-04
1.188563431344172305e-04
-9.368941063186975171e-05
1.469794460224743693e-04
-8.914074862016729828e-05
2.475392650926055982e-05
-5.186342477286887132e-06
-1.040614874661671685e-05
3.771995005022454883e-06
-1.518283521265706426e-04
9.468299952416353582e-05
-3.157501142532700977e-04
4.951848795470836784e-04
-5.552065934942285175e-04
-2.159149301450835612e-04
-2.486942911978651249e-04
-1.243008238760445749e-04
-1.454554378016448268e-05
-1.466085458572408129e-04
1.259653759032586251e-04
-1.601497671216770002e-04
6.589543927580654437e-05
-1.447734797167810061e-04
8.444735641509326651e-06
-1.734137724604817299e-04
-6.045482085020870144e-05
1.823381727261708107e-05
-4.572389892275180445e-04
1.621009580737853284e-05
-4.267074949726445965e-04
-2.066784824846928936e-04
-3.765291637137652137e-04
-2.176004707559742180e-04
-1.609243322556255795e-04
-2.136730362085059731e-04
9.854759350485381431e-05
-4.173755824823099925e-04
3.370911980059843049e-04
4.876531152749052911e-05
-2.246081450285597469e-05
6.638842706625791568e-05
-1.292216071407392697e-04
8.926348973446740498e-06
-3.022069511647643147e-04
4.187145500450517588e-05
-4.220434489373980913e-04
2.487056829262451751e-05
-4.010106709493033161e-04
-2.507291998397886967e-05
-3.543705423776771779e-04
-5.799548111040664367e-05
1.439261806531061394e-04
-1.065969169577671294e-04
1.231475122710767867e-04
-1.109101487991870361e-04
7.899982893110751858e-05
6.290423299259301215e-05
1.122405107991594764e-04
7.151069686425065575e-05
-1.098478551450413065e-04
2.780416544216623986e-04
-5.440855846180758792e-04
-7.877414949243599640e-05
-4.639786447667437752e-04
-1.507446002977363975e-04
-3.021525327490115487e-04
-7.766946693113507827e-05
7.245110068577337303e-05
-1.591841329516008319e-04
3.400995480854901443e-04
-3.627270326087769781e-04
3.969574560522548534e-04
-9.681776305659750559e-04
6.143144011815926397e-04
8.305196252529623013e-05
-4.875705868142565791e-04
2.238590331370485242e-04
-6.300850323564671784e-04
1.899789804685886319e-04
-3.928947442770197584e-04
-1.023262249848361227e-04
-1.460581606279459654e-04
-1.453700874794461306e-04
3.131342131714731636e-04
-2.814773448418864121e-04
8.713564438344867380e-04
-5.946248301692824700e-05
4.610493212165028831e-04
4.368155641176554860e-04
3.568661488145830063e-04
4.128521431835674438e-04
7.574614373152474545e-04
-7.329622276754793608e-05
1.111412016883833731e-04
-1.803835134709733112e-04
1.903538981479976910e-04
-2.212862210343446989e-04
1.793807248690604261e-04
-1.775602086475439045e-04
1.492560305447754310e-04
-4.683054252035967480e-05
1.294670641534753641e-04
9.880067949714910203e-05
-4.639059497571484947e-05
5.916473692066381851e-06
-2.638467917538273033e-04
-1.913566867499244539e-04
-2.482276384484297105e-04
-2.514109153586227552e-04
-7.733236554109679251e-05
-1.973491750388439714e-04
1.598015923017573336e-04
-2.226882016495568273e-04
2.862066402956678357e-04
-3.198584922535080421e-04
2.737108535719318114e-04
2.153562699745703579e-05
-1.109130094445603953e-04
-2.046141384257765816e-05
-2.261380470738941217e-04
-1.427695751577556793e-05
-2.948173818514837619e-04
-7.094412704493346933e-05
-2.857267668129950811e-04
-2.351839883732928516e-04
-2.110106447630391568e-04
-1.207560510760180561e-04
1.188563431344172305e-04
-9.368941063186975171e-05
1.469794460224743693e-04
-8.914074862016729828e-05
2.475392650926055982e-05
-5.186342477286887132e-06
-1.040614874661671685e-05
3.771995005022454883e-06
-1.518283521265706426e-04
9.468299952416353582e-05
-3.157501142532700977e-04
4.951848795470836784e-04
-5.552065934942285175e-04
-2.159149301450835612e-04
-2.486942911978651249e-04
-1.243008238760445749e-04
-1.454554378016448268e-05
-1.466085458572408129e-04
1.259653759032586251e-04
-1.601497671216770002e-04
6.589543927580654437e-05
-1.447734797167810061e-04
8.444735641509326651e-06
-1.734137724604817299e-04
-6.045482085020870144e-05
1.823381727261708107e-05
-4.572389892275180445e-04
1.621009580737853284e-05
-4.267074949726445965e-04
-2.066784824846928936e-04
-3.765291637137652137e-04
-2.176004707559742180e-04
-1.609243322556255795e-04
-2.136730362085059731e-04
9.854759350485381431e-05
-4.173755824823099925e-04
3.370911980059843049e-04
4.876531152749052911e-05
-2.246081450285597469e-05
6.638842706625791568e-05
-1.292216071407392697e-04
8.926348973446740498e-06
-3.022069511647643147e-04
4.187145500450517588e-05
-4.220434489373980913e-04
2.487056829262451751e-05
-4.010106709493033161e-04
-2.507291998397886967e-05
-3.543705423776771779e-04
-5.799548111040664367e-05
1.439261806531061394e-04
-1.065969169577671294e-04
1.231475122710767867e-04
-1.109101487991870361e-04
7.899982893110751858e-05
6.290423299259301215e-05
1.122405107991594764e-04
7.151069686425065575e-05
-1.098478551450413065e-04
2.780416544216623986e-04
-5.440855846180758792e-04
-7.877414949243599640e-05
-4.639786447667437752e-04
-1.507446002977363975e-04
-3.021525327490115487e-04
-7.766946693113507827e-05
7.245110068577337303e-05
-1.591841329516008319e-04
3.400995480854901443e-04
-3.627270326087769781e-04
3.969574560522548534e-04
-9.681776305659750559e-04
6.143144011815926397e-04
8.305196252529623013e-05
-4.875705868142565791e-04
2.238590331370485242e-04
-6.300850323564671784e-04
1.899789804685886319e-04
-3.928947442770197584e-04
-1.023262249848361227e-04
-1.460581606279459654e-04
-1.453700874794461306e-04
3.131342131714731636e-04
-2.814773448418864121e-04
8.713564438344867380e-04
-5.946248301692824700e-05
4.610493212165028831e-04
4.368155641176554860e-04
3.568661488145830063e-04
4.128521431835674438e-04
7.574614373152474545e-04
-7.329622276754793608e-05
1.111412016883833731e-04
-1.803835134709733112e-04
1.903538981479976910e-04
-2.212862210343446989e-04
1.793807248690604261e-04
-1.775602086475439045e-04
1.492560305447754310e-04
-4.683054252035967480e-05
1.294670641534753641e-04
9.880067949714910203e-05
-4.639059497571484947e-05
5.916473692066381851e-06
-2.638467917538273033e-04
-1.913566867499244539e-04
-2.482276384484297105e-04
-2.514109153586227552e-04
-7.733236554109679251e-05
-1.973491750388439714e-04
1.598015923017573336e-04
-2.226882016495568273e-04
2.862066402956678357e-04
-3.198584922535080421e-04
2.737108535719318114e-04
2.153562699745703579e-05
-1.109130094445603953e-04
-2.046141384257765816e-05
-2.261380470738941217e-04
-1.427695751577556793e-05
-2.948173818514837619e-04
-7.094412704493346933e-05
-2.857267668129950811e-04
-2.351839883732928516e-04
-2.110106447630391568e-04
-1.207560510760180561e-04
1.188563431344172305e-04
-9.368941063186975171e-05
1.469794460224743693e-04
-8.914074862016729828e-05
2.475392650926055982e-05
-5.186342477286887132e-06
-1.040614874661671685e-05
3.771995005022454883e-06
-1.518283521265706426e-04
9.468299952416353582e-05
-3.157501142532700977e-04
4.951848795470836784e-04
-5.552065934942285175e-04
-2.159149301450835612e-04
-2.486942911978651249e-04
-1.243008238760445749e-04
-1.454554378016448268e-05
-1.466085458572408129e-04
1.259653759032586251e-04
-1.601497671216770002e-04
6.589543927580654437e-05
-1.447734797167810061e-04
8.444735641509326651e-06
-1.734137724604817299e-04
-6.045482085020870144e-05
1.823381727261708107e-05
-4.572389892275180445e-04
1.621009580737853284e-05
-4.267074949726445965e-04
-2.066784824846928936e-04
-3.765291637137652137e-04
-2.176004707559742180e-04
-1.609243322556255795e-04
-2.136730362085059731e-04
9.854759350485381431e-05
-4.173755824823099925e-04
3.370911980059843049e-04
4.876531152749052911e-05
-2.246081450285597469e-05
6.638842706625791568e-05
-1.292216071407392697e-04
8.926348973446740498e-06
-3.022069511647643147e-04
4.187145500450517588e-05
-4.220434489373980913e-04
2.487056829262451751e-05
-4.010106709493033161e-04
-2.507291998397886967e-05
-3.543705423776771779e-04
-5.799548111040664367e-05
1.439261806531061394e-04
-1.065969169577671294e-04
1.231475122710767867e-04
-1.109101487991870361e-04
7.899982893110751858e-05
6.290423299259301215e-05
1.122405107991594764e-04
7.151069686425065575e-05
-1.098478551450413065e-04
2.780416544216623986e-04
-5.440855846180758792e-04
-7.877414949243599640e-05
-4.639786447667437752e-04
-1.507446002977363975e-04
-3.021525327490115487e-04
-7.766946693113507827e-05
7.245110068577337303e-05
-1.591841329516008319e-04
3.400995480854901443e-04
-3.627270326087769781e-04
3.969574560522548534e-04
-9.681776305659750559e-04
6.143144011815926397e-04
8.305196252529623013e-05
-4.875705868142565791e-04
2.238590331370485242e-04
-6.300850323564671784e-04
1.899789804685886319e-04
-3.928947442770197584e-04
-1.023262249848361227e-04
-1.460581606279459654e-04
-1.453700874794461306e-04
3.131342131714731636e-04
-2.814773448418864121e-04
8.713564438344867380e-04
-5.946248301692824700e-05
4.610493212165028831e-04
4.368155641176554860e-04
3.568661488145830063e-04
4.128521431835674438e-04
7.574614373152474545e-04
