-0.008622
-0.007511
-0.008026
-0.008721
-0.009358
-0.010045
-0.011165
-0.010382
-0.009492
-0.008611
-0.007919
-0.008490
-0.009047
-0.008246
-0.009254
-0.010468
-0.011708
-0.012723
-0.014836
-0.013488
-0.011779
-0.008357
-0.010035
-0.007697
-0.007992
-0.010713
-0.013536
-0.015998
-0.017820
-0.022230
-0.019734
-0.016123
-0.007077
-0.001773
0.011516
0.021447
0.026142
0.028468
0.028701
0.026964
0.027298
0.029674
0.029266
0.025424
0.018695
0.010267
0.001334
-0.006619
-0.013699
-0.020149
-0.025564
-0.029149
-0.040894
-0.035168
-0.026403
-0.016827
-0.007111
0.002956
0.013643
0.024628
0.034379
0.039837
0.039047
0.034000
0.045276
0.058554
0.053615
0.018454
0.004505
-0.008197
-0.021116
-0.035680
-0.051905
-0.063923
-0.125171
-0.081738
-0.047381
-0.025701
-0.009421
0.005762
0.023348
0.048740
0.093911
0.145729
0.100252
0.060037
0.068337
0.143573
1.767180
0.140713
0.056803
0.025493
0.006029
-0.010299
-0.028375
-0.055243
-0.114581
-0.515451
0.027804
0.028911
0.029379
0.024189
0.016570
0.005229
-0.005853
-0.008516
-0.009258
-0.009629
0.028768
0.029900
0.027818
0.022397
0.014783
0.005781
-0.002571
-0.006714
-0.007577
-0.008223
-0.008362
-0.008085
-0.007728
