-7.637290349794628730e-02
-1.952953244235060282e-02
-1.158735457564528948e-03
4.253099306136479650e-03
4.849566138371908149e-03
-2.267545930607801907e-03
4.361519270010810051e-04
8.964022311722949846e-03
6.606268772064775169e-03
1.101689245583345293e-02
1.241908845601741654e-02
-5.349538273013905790e-03
1.922140460519500271e-02
3.756378315177234112e-02
2.022816594705613771e-02
9.720136522693779632e-03
1.671988765753061601e-02
-1.587351142646629618e-03
-5.561598391479360276e-03
2.043244730036933299e-03
1.300538194339855708e-02
5.000035826456528804e-02
1.018627383965170774e-01
8.940471175922526381e-02
4.545991034319661617e-02
2.206642198599762655e-02
2.484556715214853231e-02
-4.143949791736732668e-03
-9.976001428593752468e-03
-1.732958745060877645e-02
-1.091728269050751612e-02
-2.307575936363780861e-03
2.035399565127822205e-02
4.896408154733222773e-02
5.861428492438860993e-02
3.944032298430973082e-02
2.624239025575287459e-02
1.539473746310448740e-02
9.815622714527350023e-03
5.784386750842609309e-03
5.100431919576943994e-03
7.140674905256322660e-03
9.353244918313942391e-03
1.314344832302320569e-02
1.582863690051006939e-02
1.989325689631609925e-02
2.453983397562301341e-02
3.492681082174293322e-02
-4.445740152179772364e-03
-1.453631001524166577e-02
-2.142473913061036794e-02
-2.738421161139995702e-02
-4.215322504284427230e-02
-3.536497533497864193e-02
-2.586747319521023186e-02
-1.679463957333745400e-02
-9.744514000623250710e-03
4.021745290418220903e-02
3.058634297098269256e-02
2.341791125222660377e-02
1.807029456265002096e-02
1.383998330337407601e-02
1.091424731117346392e-02
9.005691532672823948e-03
1.363410977052775114e-02
1.555001476021634216e-02
2.485033286840208216e-02
4.097700038490845187e-02
-1.305010285207777038e-02
-1.878256423746749865e-02
-2.829091068899034639e-02
-4.021912162870515395e-02
-5.525878760804686651e-02
-6.633793962038739278e-02
-1.280707454499155906e-01
-8.729978583942490933e-02
-5.549104472364722873e-02
-3.712361576879217445e-02
-2.655304024217344100e-02
-1.875097314260241316e-02
-1.399908526928533847e-02
-1.071128489151476279e-02
3.180318035304342122e-02
2.595546348163768613e-02
2.191034502642616108e-02
1.911402115861338818e-02
-4.521088858230505256e-03
-5.768732124875356956e-03
-7.930592504030657686e-03
-1.013385643735830594e-02
-1.422741565227121294e-02
-1.699709377784078962e-02
-2.253618144547398644e-02
-3.078495244164602962e-02
-4.314525150702480660e-02
-6.594950544636751788e-02
-1.207527521397638859e-01
-5.129179013385229968e-01
7.234133269387999984e-03
1.249731045829656668e-02
2.383077805266292648e-02
3.497141811122508881e-02
3.584746928342913419e-02
2.311912827771531870e-02
7.589075538053000058e-02
6.922236089408367876e-02
2.191452049401323987e-02
-5.886873395656230801e-04
6.037800336160885004e-03
8.039530916127329840e-03
1.139226480372525913e-02
1.524573725669203447e-02
1.752751814781297601e-02
2.197011205028595246e-02
2.991682114588947727e-02
2.346739836719810568e-02
3.248837180873349884e-02
4.821552661957226316e-02
4.559168165512105658e-02
2.545680768776818759e-02
-4.558721749231275933e-04
9.999999985564625604e+03
4.204575055667593447e-06
6.739788036530701344e-07
2.347793185664471031e-06
2.054763423767525551e-06
4.090278860924162507e-06
2.755872948521611221e-06
8.430574710613624725e-07
1.470780454087659438e-05
9.791392305396913188e-06
4.312494056955132392e-06
3.036247292779586113e-06
3.311277638457210118e-06
2.024017607298465231e-06
1.678413855735600536e-06
3.568752509805649315e-05
9.593429320124343562e-06
8.410056909802824206e-06
3.840575794549112176e-06
3.001495345687320152e-06
4.474584637196847461e-06
1.719417457294964097e-06
6.370832521167660615e-07
2.929808241483991603e-05
4.636739227696426023e-05
1.570902771518703305e-05
8.613886877022071517e-06
6.445074335928204217e-06
1.558995607848657209e-06
-8.793392352503661623e-06
-1.923717548695785665e-05
-4.366747515614423024e-06
2.053557610368600243e-06
1.725898458458827395e-05
1.189436109101855128e-05
5.089524758015115684e-06
-1.546026189304138663e-05
-4.513258665213117656e-07
-1.933241599294599283e-05
8.078314084666450676e-06
1.231979384185381618e-05
-2.945591495768339746e-06
2.431624588460217119e-06
-1.471227671523489756e-06
-3.310635309744611610e-07
1.077011733023786505e-06
-7.730408197289452028e-06
-2.331490758797223189e-05
1.971222349014260160e-06
-9.968503109054901805e-07
2.637988100054816177e-07
-6.169906824049358493e-06
3.512460347875179093e-08
-1.417874756467948352e-08
5.733958649317190013e-09
-5.782674364223866037e-07
9.001831971709272332e-06
9.199196077845438841e-08
1.941490729196665487e-07
2.410064714728868168e-07
-7.485159347968421185e-07
-2.418137429995920922e-07
6.374868718462525698e-08
2.065299635778958601e-07
2.504686122275973689e-07
-2.042233852915085362e-06
-1.514557089989786328e-06
-7.859254108688796441e-07
-3.129814727960101510e-07
-1.000728699242898166e-07
5.479875752709031760e-08
-1.478475674242990848e-06
-2.854972497144665875e-06
-3.220159801784712786e-06
-1.141939692458826327e-06
-3.641217994937342561e-07
-1.104795212211761614e-07
-1.957775662340775899e-08
2.667179550517899866e-06
1.600622307964299682e-06
1.496010000530203251e-06
9.692493038817077099e-07
2.965535591344017202e-06
1.956626039715557495e-06
4.616472966374545427e-07
1.399129682720986407e-05
6.647636885481689390e-06
3.548902386362641904e-06
1.898788898668539915e-06
2.135830500720473568e-06
1.762439452926286242e-06
7.746662324967999421e-07
2.399832777209581785e-05
5.921554140771517695e-06
5.532123252032116107e-06
1.842982696073413923e-06
1.777379836184308690e-06
3.447842047606632294e-06
6.963475456973482495e-07
5.746551639960580864e-07
2.307056091547633620e-05
3.775785593005472914e-05
1.047993313235691908e-05
5.605586350517548981e-06
5.096170319169432872e-06
8.185750910710961822e-07
-5.745180896197405064e-06
-1.457521981234584450e-05
2.106376740024675524e-06
-1.327835898074724533e-05
1.152163978930481429e-05
5.968821950406007172e-06
4.073266677962142780e-06
-1.090145607301918354e-05
-9.774397987146085621e-07
-2.250195457642030310e-05
5.888429814591855134e-06
2.764636934481410442e-06
-1.219489068198573829e-06
1.479602942849596141e-06
-1.698650212821887671e-06
-4.726295164119649118e-07
8.442978114624930224e-07
-6.438850857189590770e-06
-4.266847352884948547e-05
1.288453230850479091e-06
-7.375761029348442831e-07
1.524336722212972853e-07
-5.956212958110393413e-06
1.928477934409604001e-08
1.750695118338745733e-08
-1.355954204421833120e-07
5.800375167439139786e-07
8.712501290746984205e-06
5.622581333020385658e-08
9.610932205919104016e-08
8.985561891524908784e-08
-1.536696248343857245e-07
-1.583144037434955343e-07
7.734096421513369547e-08
1.267862348917995216e-07
1.239653236106638429e-07
-1.089318444359700465e-06
-9.333584309046392448e-07
-4.665207684638424991e-07
-1.760785837460977690e-07
-3.526029913787789112e-08
1.455114428095368373e-08
-8.819318063343225774e-07
-1.932487016860387312e-06
-2.281828495145847677e-06
-7.490644966190533041e-07
-2.376630722471347252e-07
-7.795814479323506102e-08
-8.865716254780492975e-09
1.832804640678378891e-07
1.263353839691851849e-06
-3.779096487245499391e-07
1.296945128806349570e-07
7.624642159171615610e-07
2.680130493064048760e-07
-3.193667398769463490e-08
-3.487297266180681109e-06
9.001558560499709578e-07
5.266942419094314742e-07
6.236236791684200871e-08
1.470200987041379468e-07
6.364954759250306647e-07
-2.385878723535868936e-07
8.686124744553229952e-06
1.300880517398954274e-06
-1.366608095457546874e-07
-3.726077333492567060e-07
-1.722116312402805546e-07
1.350331860616304103e-07
2.095575653673545759e-07
3.024873392409749306e-07
7.363312205309916221e-06
1.662824833718797249e-05
8.024100488370855631e-07
2.806692228816097534e-07
4.510063189647466487e-07
-2.376705890022045328e-06
-3.549293542221701263e-07
1.663254394986769851e-06
8.660106335704110644e-06
9.604235621493681960e-06
1.572598699895599731e-06
-8.488876669147612554e-08
-7.010539684834692954e-07
-2.080784389827772756e-06
-1.301296174941230029e-06
-1.083548150354671761e-05
1.645966994446452765e-06
-1.289363011094363351e-06
3.296605212863864100e-06
-4.078478493008152496e-08
-9.721096555179051203e-07
-8.234434466534095538e-08
2.032797894163172032e-07
-3.419105762746910636e-06
-1.423271971608109331e-05
1.251617523669926982e-06
-2.094680015451890875e-07
-4.713748026743323728e-08
3.413899445472938347e-06
4.611079703801352833e-09
-5.677655702701655312e-09
-3.352353871164173976e-08
-1.709725151535180176e-07
-1.193339834946210878e-05
9.208456864325149926e-09
-2.412914329028481488e-09
-2.116152519144806621e-08
2.354386924860517143e-07
8.985365316011473431e-09
2.107349838716425419e-08
8.534986551936480943e-09
5.923387999015692230e-09
3.766373020770417989e-07
4.587023271414731587e-08
1.823308793781153268e-08
2.682170583426452329e-09
-1.563047961762299926e-08
-1.603939160185904010e-08
1.608259505524710104e-07
-1.582412584431625328e-07
-3.414916493758222938e-07
2.364455012560323990e-08
2.067379016317970244e-08
7.883898682479214930e-09
1.744249237504037070e-09
-1.533164692562315765e-06
2.083231538729914199e-06
-1.512848126902565727e-08
-6.254088389938297458e-08
8.302043100599765767e-07
2.807950865249563867e-07
6.794631885466927406e-08
-3.319629232031815088e-06
-8.131778947150996944e-07
2.382766065073862452e-07
1.203985012669704993e-08
1.749314418484168186e-07
-6.573776329355733149e-07
2.896200738631562414e-08
-2.505559737961842489e-06
3.803957723531621994e-06
-2.519693179897061807e-07
-5.820524954396652084e-07
-5.081179975925209473e-08
-9.635915327010609668e-08
6.124174488639151951e-07
3.022690650350074110e-07
2.251991426909254104e-06
1.128686251631516515e-06
3.201371930741452824e-07
4.380985680830422422e-07
-1.289669222129610510e-07
-8.337469116795158527e-07
-8.878946771631449682e-08
2.803355791327776211e-05
7.402222031624060015e-06
3.058720246614652001e-06
9.814282947270185162e-07
4.295552598805065219e-07
3.964047053136687381e-07
-2.114708517171284179e-06
-9.025889980939683025e-08
3.297797698498834554e-06
1.879556401824814742e-06
-7.315265387263400975e-06
2.499627910520444557e-06
-5.356242980746018460e-08
-7.426932646211256836e-08
-6.503161399198952898e-08
1.367155695604807910e-07
3.003383956401577712e-05
-5.309835116679229239e-05
-6.151751531160304116e-07
-3.382427096061793636e-07
-2.297932372032711313e-06
2.306693327262262063e-06
-6.595632228909280997e-09
4.280933883426353342e-08
-5.653007777134372953e-08
-3.381068366534588257e-07
-2.903844219036023086e-06
1.661885674260625730e-08
-7.775512843641698216e-09
-8.178570926143454052e-09
-2.134458571502510999e-07
2.263859050075149549e-08
1.636891015368782546e-08
-1.660853057912511054e-08
-1.919415202001679326e-08
-7.425659620490909340e-08
8.789929499108934232e-08
4.784861240394105509e-08
2.833095372316724861e-08
1.975742179016466531e-08
-7.545218074133861180e-09
9.518269124642682235e-08
-1.474577226920958180e-07
-4.123858880255966094e-07
3.027574092506589301e-08
1.680987237544885127e-08
-8.795895322456824886e-11
-4.739801687340125871e-09
-1.838322866414828860e-06
2.606308629043554222e-06
3.109903922428417520e-07
-2.226765245517237741e-07
2.005045598104345027e-06
1.296003497701391817e-07
-2.761828275899360675e-08
-1.441478204545435654e-07
-8.429137745229092261e-07
-2.625971817685998936e-07
3.445675718724170930e-08
5.113112652026274071e-08
-1.294908383194244669e-06
-6.031828880614193908e-08
2.271653618005292988e-07
6.051190328350898899e-06
-1.079951442206264879e-06
-5.647637406470224723e-07
1.701152123690708763e-07
1.796473028607800844e-07
9.349268621804861712e-07
4.492269233908601921e-07
6.753134565229681140e-07
-2.526525415561037193e-06
-1.020986361360563311e-06
9.409843230170304024e-07
8.907925898606186338e-07
4.587959807005292630e-07
3.220497617955359201e-07
-1.091513343643531528e-05
8.491477950730551294e-06
1.331882022801522496e-05
1.118756282296226698e-06
7.579464578445717273e-07
2.238849221209251224e-06
-1.556461816097875318e-06
5.164568749601261359e-07
-1.422911965028966471e-06
8.310278450693824428e-08
-1.925466974033314101e-07
-1.301911573637015923e-07
5.338001682725866930e-07
8.973761689941151649e-07
3.512391685334316114e-08
-8.138490580370606785e-07
-6.486818514925947953e-06
3.306786880226206683e-05
-1.254448861876092435e-06
-5.806302527525862784e-07
-3.524623245770790278e-06
4.486295897493733364e-10
-2.316567815775311080e-06
8.176523403688457222e-08
5.002032052874884598e-09
1.194907909421718205e-07
1.144610334983603905e-06
-5.368972030694440113e-09
-1.191069249175183420e-08
-1.642181743924863921e-08
5.955596977782535344e-08
2.566152751665146505e-08
-4.405136851373301320e-08
-4.189852460784155392e-08
-3.265750761363115122e-08
5.026968544358798637e-09
1.107217184893782218e-07
7.596292042135225579e-08
2.512845889804008566e-08
2.139875597611330714e-08
1.138896163520915911e-10
7.128544956907199859e-08
-8.092567009616331982e-08
-2.332450961431992305e-07
7.912832297291797368e-08
3.815299242007207537e-08
2.952792444691106077e-10
-1.973743860233747758e-08
5.374981549478529655e-07
-3.772109596260097067e-06
-7.492397126851425230e-07
-2.568918869909570055e-07
2.182731623491526783e-06
-3.106919283400792721e-07
-1.503942113364157987e-07
-2.555605055606500109e-06
-1.945862645938198463e-06
-3.994783772864809058e-07
-1.569630975174302013e-07
-1.526899878670886015e-07
1.283476275548589454e-06
-1.846849786746622077e-07
-9.909140682883341546e-06
-1.787049561384116249e-05
-5.199583846467756374e-06
1.035969942903561735e-06
7.500573773237356702e-07
4.257520196274887066e-07
-9.943903924989109210e-07
-1.911170485868453556e-07
-1.154419166435543089e-05
-1.430520327606628740e-05
-6.594061808131080520e-06
1.884527360131675990e-06
3.239322622007668778e-06
2.651701881401129289e-06
1.444008713341614120e-06
-1.510471517224345756e-05
4.672022054595710724e-07
2.740552172363610792e-05
2.794865265773826234e-07
1.229589417331590625e-07
4.007166314469931263e-06
2.542948724903993339e-07
7.655860699966375965e-07
-3.960748149100298127e-06
-1.470900412928297270e-06
4.710798016584563132e-06
-3.004547718080959702e-07
7.295660465118675598e-07
3.926941137224646775e-07
6.528035969175448837e-08
-2.494820127507823442e-07
-6.034095962032581047e-06
4.538121262242916234e-05
-8.849393734511096146e-07
-4.673572606279219723e-07
3.387000410642928010e-06
1.219555211474292276e-08
-3.430902472461913448e-06
-9.849647414698193106e-08
1.978527042302013236e-07
1.338795260412515165e-08
3.717595067979624721e-07
-3.038143516938398648e-08
-1.812540841054303530e-08
-4.631108010472910833e-08
2.124363663453648346e-07
4.754900931966280029e-08
-5.962774707174558824e-08
-3.576816332685430659e-08
-3.275834269152850219e-08
5.142647747442054837e-07
1.549651429480028452e-07
6.560232457633076442e-08
1.909679113574238836e-08
-1.450844569689854063e-08
-1.895003987351106828e-08
1.250582493007309321e-07
2.985393233848911403e-07
2.759743654885343594e-07
1.295044917254791405e-07
3.075783103358804491e-08
2.487487076290316760e-08
1.744402964789929303e-08
6.241635609201647613e-07
-5.445246582416811117e-06
-1.258172116487932637e-06
-7.837417860816653804e-07
-7.660893809092702341e-06
-2.393633274746338139e-06
-4.461001366096048687e-07
-4.274159255076973897e-06
-4.357182312978027201e-06
-3.477411873326345833e-06
-2.055596429345046415e-06
-2.502626359677541639e-06
-4.388259924492546142e-07
-6.737564409818998321e-07
-2.292572323028759006e-05
-1.325319183731459179e-05
-4.419548686076621327e-06
-9.908994170465122882e-08
-1.959955305821006852e-06
-3.415614537237687256e-06
-2.337061286716602152e-06
-1.514813669169103158e-06
-2.550275898998636669e-05
-3.896286275513249691e-05
-1.056709736985401006e-05
-7.624415685450491344e-06
-5.992417083414991756e-06
1.579096073481370830e-06
5.479071302850884470e-06
-1.050347345636101450e-06
-2.936812607288293847e-05
-3.559697445490100985e-05
-1.470982085502382970e-05
-8.068952704470169052e-06
-8.155940189687197947e-06
1.636981758930407098e-05
1.275429582507688413e-07
2.753510074879612264e-05
-8.134534657813851744e-06
-2.966125408092085310e-06
-3.334959457605940307e-06
-2.275225097255452141e-06
8.123928989916599200e-07
4.185977247398903786e-07
-1.532707227661008224e-08
-1.652241490367881892e-05
3.913470815212437813e-05
-7.717623667799445794e-08
1.926159383189881939e-06
4.910852016906699078e-06
2.374837895135546066e-08
5.916838173142006051e-06
-9.533554575109825179e-08
2.120226124371682236e-07
6.808255642665666596e-07
2.832696972559923111e-06
-5.876424742844258428e-08
-8.590806275453029620e-08
-4.721003476994609484e-08
2.187581339516169376e-07
6.974234647108714215e-08
-9.598923582731871094e-10
-6.178267449585014923e-08
-7.947578400837977675e-08
7.308199064424915521e-07
6.580939723811659323e-07
3.261180440856044946e-07
1.328730574894876576e-07
1.049157911004418493e-08
7.390643220681059056e-09
5.619688773155252239e-07
2.177496390135819765e-06
3.162410783453091729e-06
5.672992145631366849e-07
1.517191244983891933e-07
7.019065254974148679e-08
2.019464014602453039e-08
9.041834379067035740e-07
-5.603145737508189253e-06
-1.273056853720427580e-06
-1.036795285158615087e-06
-1.317539645376464188e-05
-3.417537173209212007e-06
-6.026979175873277005e-07
-4.806124331322233237e-06
-5.244148064673300749e-06
-4.631140536202436734e-06
-2.722181259424494640e-06
-3.498993180974144761e-06
-1.489985806778262021e-06
-7.731669481726604937e-07
-2.638047747847621963e-05
4.456696859062099134e-06
6.699606057905844602e-06
-4.109136171159012007e-06
-4.437444847481494836e-06
-6.102768667232664904e-06
-2.810487326944635287e-06
-2.041591569642494270e-06
-2.634154338135668202e-05
-4.443268303439905744e-05
1.790769048093566887e-07
-1.513632487814953781e-05
-1.608489798086633918e-05
-4.881584302576967506e-06
5.914886659091166048e-06
1.367694890194233656e-05
-2.816908576869187964e-05
-6.305444007812866566e-05
-2.368489847703467361e-05
-1.274694102288284617e-05
-1.530119273413363325e-05
2.375317391873899337e-05
1.119454315476851403e-07
3.754361042185257381e-05
-1.184356786645682149e-05
7.719511285140993417e-06
-4.790931168384369716e-06
-4.399065745820432394e-06
1.281070815099393401e-06
5.710263622348083694e-07
9.767155630814431961e-08
-1.795334538224744564e-05
3.183850299694260244e-05
1.980013711819844852e-06
3.877313514658933000e-06
4.853137754223036174e-06
1.903548264356114063e-08
6.168753766024053534e-06
-7.276776371463282433e-08
-3.203646441389976858e-07
-4.050507666506086174e-07
4.096840240401686489e-06
-8.074060752876068654e-08
-9.279136575453790308e-08
-7.013622733041208418e-08
1.832255270503342518e-07
8.702319557218657527e-08
-4.575252881505004979e-09
-4.097097407710124191e-08
-7.535529118165285836e-08
8.785254168462248916e-07
7.979800335094806992e-07
3.806244815999555329e-07
1.412276190155929700e-07
6.002338074340943415e-08
1.462856576402710835e-08
7.623363057313072553e-07
2.949154276153059080e-06
4.224389061854092728e-06
7.017629053959737232e-07
1.920629842477145858e-07
4.847408005864733060e-08
4.630078282068044414e-08
