0.000173
0.000181
0.000186
0.000154
0.000173
0.000202
0.000197
0.000187
0.000183
0.000206
0.000263
0.000391
0.000397
0.000275
0.000217
0.000191
0.000193
0.000213
0.000270
0.000380
0.000402
0.000283
0.000217
0.000188
0.000218
0.000198
0.000188
0.000153
0.000200
0.000210
0.000188
0.000173
0.001275
0.000238
0.000061
-0.000150
0.000008
0.000118
0.000145
0.000149
-0.000011
0.000003
0.000460
-0.000396
-0.000139
0.000045
0.000106
0.000125
0.000022
0.000031
0.000063
0.000186
-0.001044
0.000003
0.000081
0.000105
0.000026
0.000029
0.000039
0.000060
0.000095
0.000350
0.000068
0.000090
0.000027
0.000033
0.000042
0.000053
0.000064
