72
# x y z
0.05	0.485	-0
0.1	0.485	-0
0.15	0.485	-0
0.2	0.485	-0
0.25	0.485	-0
0.3	0.485	-0
0.35	0.485	-0
0.4	0.485	-0
0.05	0.425	-0
0.1	0.425	-0
0.15	0.425	-0
0.2	0.425	-0
0.25	0.425	-0
0.3	0.425	-0
0.35	0.425	-0
0.4	0.425	-0
0.05	0.375	-0
0.1	0.375	-0
0.15	0.375	-0
0.2	0.375	-0
0.25	0.375	-0
0.3	0.375	-0
0.35	0.375	-0
0.4	0.375	-0
0.05	0.325	-0
0.1	0.325	-0
0.15	0.325	-0
0.2	0.325	-0
0.25	0.325	-0
0.3	0.325	-0
0.35	0.325	-0
0.4	0.325	-0
0.05	0.275	-0
0.1	0.275	-0
0.15	0.275	-0
0.2	0.275	-0
0.25	0.275	-0
0.3	0.275	-0
0.35	0.275	-0
0.4	0.275	-0
0.05	0.225	-0
0.1	0.225	-0
0.15	0.225	-0
0.2	0.225	-0
0.25	0.225	-0
0.3	0.225	-0
0.35	0.225	-0
0.4	0.225	-0
0.05	0.175	-0
0.1	0.175	-0
0.15	0.175	-0
0.2	0.175	-0
0.25	0.175	-0
0.3	0.175	-0
0.35	0.175	-0
0.4	0.175	-0
0.05	0.125	-0
0.1	0.125	-0
0.15	0.125	-0
0.2	0.125	-0
0.25	0.125	-0
0.3	0.125	-0
0.35	0.125	-0
0.4	0.125	-0
0.05	0.075	-0
0.1	0.075	-0
0.15	0.075	-0
0.2	0.075	-0
0.25	0.075	-0
0.3	0.075	-0
0.35	0.075	-0
0.225	0.4	-0
69
# a b m n err i ip iperr k m0 m1 m10 m11 m12 m13 m14 m15 m16 m17 m18 m19 m2 m3 m4 m5 m6 m7 m8 m9 r rhoa u valid 
72	65	71	1	4.01036441735572e-01	0.00000000000000e+00	0.00000000000000e+00	0.00000000000000e+00	-1.51174449528439e+00	4.25712493955954e-04	3.88306186721032e-04	2.40335470637509e-04	2.30184779859699e-04	2.21300394677049e-04	2.13429077294935e-04	2.03127987978058e-04	1.91549958953541e-04	1.81816069762419e-04	1.73473076594988e-04	1.66211793793059e-04	1.59811722701297e-04	3.61795290880096e-04	3.41256307574422e-04	3.24531602397427e-04	3.10465507176061e-04	2.98361754829335e-04	2.82933200448809e-04	2.66034528814463e-04	2.52109765437991e-04	-6.38229260617104e-01	9.64839571467335e-01	0.00000000000000e+00	1
72	65	71	2	4.01025130816401e-01	0.00000000000000e+00	0.00000000000000e+00	0.00000000000000e+00	-1.27030360049232e+00	4.44202939718585e-04	4.05210503772291e-04	2.50888070400745e-04	2.40297129640799e-04	2.31026948306567e-04	2.22813464284211e-04	2.12064076678731e-04	1.99981496217139e-04	1.89822870117373e-04	1.81115437953072e-04	1.73536676378983e-04	1.66856562623496e-04	3.77570727337462e-04	3.56154430766531e-04	3.38713571778504e-04	3.24043935468032e-04	3.11419941886215e-04	2.95327035029325e-04	2.77699161333356e-04	2.63172314323934e-04	-7.67915054853898e-01	9.75485259053164e-01	0.00000000000000e+00	1
72	65	71	3	4.01016354193057e-01	0.00000000000000e+00	0.00000000000000e+00	0.00000000000000e+00	-9.96371865430313e-01	4.55068536100223e-04	4.15120132039815e-04	2.57014483783569e-04	2.46164107281843e-04	2.36666883774106e-04	2.28252271806340e-04	2.17239710110895e-04	2.04861391030819e-04	1.94454184594517e-04	1.85533734942789e-04	1.77769612183742e-04	1.70926166275898e-04	3.86802625087723e-04	3.64861185279008e-04	3.46992676330315e-04	3.31963361850707e-04	3.19029870042842e-04	3.02542461633304e-04	2.84482529066765e-04	2.69599698331402e-04	-9.87491715701766e-01	9.83908962870749e-01	0.00000000000000e+00	1
72	65	71	4	4.01096197158375e-01	0.00000000000000e+00	0.00000000000000e+00	0.00000000000000e+00	-8.02143267115110e-01	3.80818418105777e-04	3.47030668692239e-04	2.13995363474995e-04	2.04907079308647e-04	1.96956631373646e-04	1.89915926808726e-04	1.80706342786552e-04	1.70361184804291e-04	1.61668733528630e-04	1.54221933590604e-04	1.47743330023098e-04	1.42035249281469e-04	3.23121579151264e-04	3.04620030266212e-04	2.89568621524738e-04	2.76919840827450e-04	2.66043064810595e-04	2.52188518444219e-04	2.37026782960337e-04	2.24543521878506e-04	-1.13725900810723e+00	9.12244656319225e-01	0.00000000000000e+00	1
72	65	71	5	4.00989772300006e-01	0.00000000000000e+00	0.00000000000000e+00	0.00000000000000e+00	-7.89991697239265e-01	4.25075393929331e-04	3.87625090623733e-04	2.39672689399728e-04	2.29534905692441e-04	2.20663060919390e-04	2.12803822128516e-04	2.02519909940468e-04	1.90963032228875e-04	1.81248425748515e-04	1.72923044692963e-04	1.65677917380314e-04	1.59292798842747e-04	3.61094577239873e-04	3.40547128668933e-04	3.23819936026370e-04	3.09754843261012e-04	2.97654234958422e-04	2.82232768813562e-04	2.65345846783283e-04	2.51433912097476e-04	-1.27891646241936e+00	1.01033338677391e+00	0.00000000000000e+00	1
72	65	71	6	4.01111809237265e-01	0.00000000000000e+00	0.00000000000000e+00	0.00000000000000e+00	-9.43917160199789e-01	4.95510079937311e-04	4.52119630051206e-04	2.80186328686538e-04	2.68374521010029e-04	2.58034423920472e-04	2.48871971955555e-04	2.36879194128958e-04	2.23397087482757e-04	2.12060222344546e-04	2.02341738097189e-04	1.93882132255019e-04	1.86424940394336e-04	4.21349929220494e-04	3.97501278000645e-04	3.78074897793956e-04	3.61731950212052e-04	3.47665576057365e-04	3.29730696325026e-04	3.10080970944870e-04	2.93884648785880e-04	-9.52874797510569e-01	8.99434872892125e-01	0.00000000000000e+00	1
72	65	71	7	4.01028661782441e-01	0.00000000000000e+00	0.00000000000000e+00	0.00000000000000e+00	-1.14633841777957e+00	4.81443863720399e-04	4.39258310521051e-04	2.72152298611106e-04	2.60675287801049e-04	2.50628605989789e-04	2.41726410434628e-04	2.30074648305600e-04	2.16976396183344e-04	2.05962703942020e-04	1.96521541859562e-04	1.88303538932844e-04	1.81059439470999e-04	4.09346247862152e-04	3.86164181798598e-04	3.67281991214607e-04	3.51397704261180e-04	3.37726721919895e-04	3.20296812166276e-04	3.01201420749297e-04	2.85462859927255e-04	-8.48036505379372e-01	9.72136825795908e-01	0.00000000000000e+00	1
72	65	71	8	4.00983418297885e-01	0.00000000000000e+00	0.00000000000000e+00	0.00000000000000e+00	-1.30656947297321e+00	4.59279342577834e-04	4.18984805068190e-04	2.59470350995827e-04	2.48520730472324e-04	2.38936341352192e-04	2.30444263566998e-04	2.19329978211835e-04	2.06836850867975e-04	1.96332727171344e-04	1.87328914606044e-04	1.79491997293946e-04	1.72584114395691e-04	3.90419710520784e-04	3.68285095459830e-04	3.50258375438672e-04	3.35095347450021e-04	3.22046306902690e-04	3.05410936310646e-04	2.87188053456289e-04	2.72170230367630e-04	-7.78268061556329e-01	1.01686129101953e+00	0.00000000000000e+00	1
72	65	71	9	4.00928122149795e-01	0.00000000000000e+00	0.00000000000000e+00	0.00000000000000e+00	-1.67068122188948e+00	4.49334972193238e-04	4.09924581408760e-04	2.53886574003270e-04	2.43174122003031e-04	2.33797174085892e-04	2.25488774705740e-04	2.14614714102113e-04	2.02391386612266e-04	1.92113926253734e-04	1.83304274472884e-04	1.75636271104396e-04	1.68877282834656e-04	3.81984877692698e-04	3.60334044255950e-04	3.42700776885141e-04	3.27868312011592e-04	3.15103461853150e-04	2.98829998435446e-04	2.81003055077611e-04	2.66311134425767e-04	-6.44913207904556e-01	1.07744438619464e+00	0.00000000000000e+00	1
72	65	71	10	4.01073581825445e-01	0.00000000000000e+00	0.00000000000000e+00	0.00000000000000e+00	-1.31328260503040e+00	5.04366492595332e-04	4.60275161248136e-04	2.85417411772571e-04	2.73395899929141e-04	2.62871302311729e-04	2.53544644940873e-04	2.41335925207364e-04	2.27609701238918e-04	2.16066462191078e-04	2.06170274768325e-04	1.97555397649096e-04	1.89960902893360e-04	4.28999531433938e-04	4.04753586066509e-04	3.85000215857412e-04	3.68379822675347e-04	3.54072918647752e-04	3.35829026729129e-04	3.15837735490154e-04	2.99357511933662e-04	-7.09261942825256e-01	9.31461371922474e-01	0.00000000000000e+00	1
72	65	71	11	4.00933475147537e-01	0.00000000000000e+00	0.00000000000000e+00	0.00000000000000e+00	-8.62497235127859e-01	6.41101956067036e-04	5.85392136209339e-04	3.63798354024780e-04	3.48524554786178e-04	3.35148532509821e-04	3.23291815946591e-04	3.07766709745416e-04	2.90305834466875e-04	2.75616991171845e-04	2.63020506856226e-04	2.52052328010954e-04	2.42381248933832e-04	5.45835028975983e-04	5.15145857455379e-04	4.90128087386021e-04	4.69067732946415e-04	4.50931167903179e-04	4.27793377515528e-04	4.02426067725004e-04	3.81503497900448e-04	-1.24205128505047e+00	1.07126579924304e+00	0.00000000000000e+00	1
72	65	71	12	4.01014171331455e-01	0.00000000000000e+00	0.00000000000000e+00	0.00000000000000e+00	-4.13443950953206e-01	9.55267823947503e-04	8.72127068861972e-04	5.41638176304926e-04	5.18873625378280e-04	4.98939381285202e-04	4.81270780810394e-04	4.58137688099325e-04	4.32123036310905e-04	4.10240727737654e-04	3.91477177110855e-04	3.75140446223443e-04	3.60736760593450e-04	8.13104123349007e-04	7.67320249033143e-04	7.30002299888288e-04	6.98591113932667e-04	6.71543495605831e-04	6.37041269986871e-04	5.99219644865201e-04	5.68029171256978e-04	-2.38491018357840e+00	9.86026688967190e-01	0.00000000000000e+00	1
72	65	71	13	4.01028787134961e-01	0.00000000000000e+00	0.00000000000000e+00	0.00000000000000e+00	-4.08899510301353e-01	9.69006266544725e-04	8.84659440433477e-04	5.49381815407424e-04	5.26288424789301e-04	5.06066405460470e-04	4.88142887446696e-04	4.64676264807284e-04	4.38286866488724e-04	4.16089625841942e-04	3.97056245852068e-04	3.80484749097132e-04	3.65874279510847e-04	8.24780219132792e-04	7.78332241356261e-04	7.40473134956288e-04	7.08606595884120e-04	6.81167020096907e-04	6.46165037518354e-04	6.07795927915489e-04	5.76154287281971e-04	-2.37715710423339e+00	9.72018375830416e-01	0.00000000000000e+00	1
72	65	71	14	4.00944001691629e-01	0.00000000000000e+00	0.00000000000000e+00	0.00000000000000e+00	-8.15288879094879e-01	6.71181678690513e-04	6.12842329771990e-04	3.80817817934420e-04	3.64826949370900e-04	3.50823168312031e-04	3.38410164637537e-04	3.22156899380421e-04	3.03877398252772e-04	2.88500156561899e-04	2.75313521189369e-04	2.63831592554498e-04	2.53707451977725e-04	5.71419718131905e-04	5.39284231557358e-04	5.13088089170166e-04	4.91036238650100e-04	4.72046184232910e-04	4.47820044345404e-04	4.21260163191550e-04	3.99354501144922e-04	-1.29931876023317e+00	1.05932013561745e+00	0.00000000000000e+00	1
72	65	71	15	4.00921720234072e-01	0.00000000000000e+00	0.00000000000000e+00	0.00000000000000e+00	-1.15216773512084e+00	5.30470130223781e-04	4.84108372857839e-04	3.00223088409823e-04	2.87579663259097e-04	2.76510468755431e-04	2.66701106489520e-04	2.53860385360127e-04	2.39423424656104e-04	2.27282336970669e-04	2.16873498031900e-04	2.07812249137684e-04	1.99824082711575e-04	4.51220732649360e-04	4.25724263198091e-04	4.04951552887778e-04	3.87473132194005e-04	3.72427376167384e-04	3.53240973849922e-04	3.32216469296598e-04	3.14884165130813e-04	-9.41640586838493e-01	1.08492790223556e+00	0.00000000000000e+00	1
72	65	71	16	4.01092374848078e-01	0.00000000000000e+00	0.00000000000000e+00	0.00000000000000e+00	-1.36942508492637e+00	4.69032060188002e-04	4.27904413637492e-04	2.65047013574549e-04	2.53865285597232e-04	2.44077455442637e-04	2.35404910479242e-04	2.24054134411511e-04	2.11294777570536e-04	2.00566487024378e-04	1.91370293381232e-04	1.83365752754017e-04	1.76309972187427e-04	3.98745972005399e-04	3.76150000704345e-04	3.57746521332247e-04	3.42265871277725e-04	3.28942967872226e-04	3.11957766272575e-04	2.93350767594291e-04	2.78015682070976e-04	-6.68482479396005e-01	9.15436676118667e-01	0.00000000000000e+00	1
72	65	71	17	4.01036245380112e-01	0.00000000000000e+00	0.00000000000000e+00	0.00000000000000e+00	-2.08908595493051e+00	4.71547289739749e-04	4.30246789176691e-04	2.66611132818118e-04	2.55370279171663e-04	2.45530089315049e-04	2.36810681179200e-04	2.25397906930103e-04	2.12567968856825e-04	2.01779612860720e-04	1.92531417540387e-04	1.84481246155888e-04	1.77385052573364e-04	4.00960182392218e-04	3.78261610598396e-04	3.59772416774651e-04	3.44218153141673e-04	3.30830781084646e-04	3.13761882503205e-04	2.95061246034956e-04	2.79647450665998e-04	-4.61935227771489e-01	9.65022396425043e-01	0.00000000000000e+00	1
72	65	71	18	4.00971676550112e-01	0.00000000000000e+00	0.00000000000000e+00	0.00000000000000e+00	-1.56012266376084e+00	5.19753143010560e-04	4.74356278285071e-04	2.94244055168535e-04	2.81856675080849e-04	2.71011277191424e-04	2.61399953007446e-04	2.48818062005496e-04	2.34671558273614e-04	2.22774291264938e-04	2.12574166488677e-04	2.03694387228226e-04	1.95866121331267e-04	4.42149938134295e-04	4.17179778352539e-04	3.96834625688403e-04	3.79715076699649e-04	3.64977590009197e-04	3.46183404279943e-04	3.25587532476357e-04	3.08607665983285e-04	-6.59659061108403e-01	1.02914905159041e+00	0.00000000000000e+00	1
72	65	71	19	4.00953368755843e-01	0.00000000000000e+00	0.00000000000000e+00	0.00000000000000e+00	-9.64586682468765e-01	6.56723725878883e-04	5.99690224813765e-04	3.72768091566278e-04	3.57123108235435e-04	3.43421593701154e-04	3.31276020910987e-04	3.15372212166709e-04	2.97484770477308e-04	2.82436553394660e-04	2.69531502744447e-04	2.58294351408117e-04	2.48385854236144e-04	5.59189489649503e-04	5.27766037862754e-04	5.02148237211286e-04	4.80581745632258e-04	4.62008552624460e-04	4.38312704164834e-04	4.12332223888257e-04	3.90902856248543e-04	-1.08742126978876e+00	1.04891207507151e+00	0.00000000000000e+00	1
72	65	71	20	4.01064814325578e-01	0.00000000000000e+00	0.00000000000000e+00	0.00000000000000e+00	-4.34093565607783e-01	9.24988858609810e-04	8.44880532854475e-04	5.25680777336390e-04	5.03647318835121e-04	4.84348287645875e-04	4.67238821994398e-04	4.44832293435504e-04	4.19627300081493e-04	3.98420009273703e-04	3.80230919438507e-04	3.64391095538319e-04	3.50423007810852e-04	7.87964625621917e-04	7.43788489626862e-04	7.07763502441283e-04	6.77428325253193e-04	6.51298159909053e-04	6.17953972195662e-04	5.81385893963060e-04	5.51216614345651e-04	-2.16342959370548e+00	9.39130866273009e-01	0.00000000000000e+00	1
72	65	71	21	4.01071203245420e-01	0.00000000000000e+00	0.00000000000000e+00	0.00000000000000e+00	-4.27989786271698e-01	9.76898323617803e-04	8.92407215097646e-04	5.55529024801826e-04	5.32262203835621e-04	5.11881466633279e-04	4.93811920296072e-04	4.70146511058256e-04	4.43523299610726e-04	4.21121009251735e-04	4.01905751188258e-04	3.85171402541129e-04	3.70413954110860e-04	8.32364555510723e-04	7.85754063277633e-04	7.47738995513836e-04	7.15724607392221e-04	6.88145457345080e-04	6.52948808756104e-04	6.14344702486891e-04	5.82492133488821e-04	-2.18119611391405e+00	9.33529658610735e-01	0.00000000000000e+00	1
72	65	71	22	4.01000072743690e-01	0.00000000000000e+00	0.00000000000000e+00	0.00000000000000e+00	-8.83646515876822e-01	6.90174404134769e-04	6.30190997261137e-04	3.91610665044895e-04	3.75167149155975e-04	3.60766900791898e-04	3.48002417049131e-04	3.31288866120327e-04	3.12491613072119e-04	2.96678760341451e-04	2.83118528404236e-04	2.71311273989383e-04	2.60900275479314e-04	5.87599902748259e-04	5.54557287839041e-04	5.27621290555946e-04	5.04946376737370e-04	4.85419589376201e-04	4.60508494725342e-04	4.33197396102036e-04	4.10671949540142e-04	-1.13159192463855e+00	9.99927261601201e-01	0.00000000000000e+00	1
72	65	71	23	4.01070359328554e-01	0.00000000000000e+00	0.00000000000000e+00	0.00000000000000e+00	-1.27232934831528e+00	5.29741777202664e-04	4.83429483705389e-04	2.99766624924369e-04	2.87140146629117e-04	2.76085971715689e-04	2.66290062747143e-04	2.53467156123843e-04	2.39050500622229e-04	2.26926715062081e-04	2.16532873333897e-04	2.07484801490354e-04	1.99508338897147e-04	4.50578467752427e-04	4.25111300805581e-04	4.04363066648150e-04	3.86905668214421e-04	3.71878326716257e-04	3.52715840130635e-04	3.31718108757206e-04	3.14408327608096e-04	-7.34295482829712e-01	9.34265693139582e-01	0.00000000000000e+00	1
72	65	71	24	4.01019348419452e-01	0.00000000000000e+00	0.00000000000000e+00	0.00000000000000e+00	-1.51934151410640e+00	4.60005221847526e-04	4.19641082084921e-04	2.59861351823321e-04	2.48894212850126e-04	2.39294569859827e-04	2.30789040029822e-04	2.19657239710513e-04	2.07144548503568e-04	1.96624077818508e-04	1.87606327100687e-04	1.79757330325048e-04	1.72838822941723e-04	3.91027219861395e-04	3.68855166022808e-04	3.50798193048618e-04	3.35609889815403e-04	3.22539227516350e-04	3.05876471913380e-04	2.87623828160166e-04	2.72581670716310e-04	-6.45686849836538e-01	9.81018836069241e-01	0.00000000000000e+00	1
72	65	71	25	4.00940499373685e-01	0.00000000000000e+00	0.00000000000000e+00	0.00000000000000e+00	-3.47519891307686e+00	5.32178354834989e-04	4.85701452443310e-04	3.01290471154347e-04	2.88606721653095e-04	2.77501783289891e-04	2.67660404227099e-04	2.54777292410746e-04	2.40292030438849e-04	2.28109807251520e-04	2.17665337755357e-04	2.08572826098763e-04	2.00557058326556e-04	4.52728009308956e-04	4.27162607770315e-04	4.06332153569000e-04	3.88804033117029e-04	3.73714673427394e-04	3.54471559055103e-04	3.33383476714189e-04	3.15997631732512e-04	-3.05958005806957e-01	1.06326492922750e+00	0.00000000000000e+00	1
72	65	71	26	4.00994002509114e-01	0.00000000000000e+00	0.00000000000000e+00	0.00000000000000e+00	-2.40835060349715e+00	4.85572926308575e-04	4.43064182940600e-04	2.74600157505689e-04	2.63025233383729e-04	2.52892355759760e-04	2.43913408017549e-04	2.32160659572433e-04	2.18948178582701e-04	2.07837868355765e-04	1.98313479033985e-04	1.90022744513740e-04	1.82714397791162e-04	4.12918258909878e-04	3.89552218791001e-04	3.70518396987762e-04	3.54505305678710e-04	3.40722549502570e-04	3.23148898974779e-04	3.03894442048813e-04	2.88023529790515e-04	-4.17727251319980e-01	1.00603367781368e+00	0.00000000000000e+00	1
72	65	71	27	4.00992657001037e-01	0.00000000000000e+00	0.00000000000000e+00	0.00000000000000e+00	-1.54474666471077e+00	4.60882448016786e-04	4.20446443539557e-04	2.60368542122302e-04	2.49380192358206e-04	2.39761916524306e-04	2.31239827910179e-04	2.20086289494548e-04	2.07549080410541e-04	1.97007934091831e-04	1.87972423582261e-04	1.80107961517573e-04	1.73175929679137e-04	3.91780776838324e-04	3.69568090828443e-04	3.51477712942860e-04	3.36261096026469e-04	3.23165912154533e-04	3.06471691239429e-04	2.88184323555707e-04	2.73113355615751e-04	-6.52144031426743e-01	1.00739731745750e+00	0.00000000000000e+00	1
72	65	71	28	4.01159674681686e-01	0.00000000000000e+00	0.00000000000000e+00	0.00000000000000e+00	-1.05767949682531e+00	3.77461482264585e-04	3.44014802353354e-04	2.12235595728916e-04	2.03228050626447e-04	1.95347712179772e-04	1.88368691918850e-04	1.79239228372596e-04	1.68983315022908e-04	1.60365242658389e-04	1.52981726237011e-04	1.46557844842188e-04	1.40897688385544e-04	3.20341720934092e-04	3.02019731618142e-04	2.87112410788493e-04	2.74583334283984e-04	2.63808481315686e-04	2.50082407698637e-04	2.35059531222603e-04	2.22689242686758e-04	-8.15285538226461e-01	8.62310797840316e-01	0.00000000000000e+00	1
72	65	71	29	4.01018169412069e-01	0.00000000000000e+00	0.00000000000000e+00	0.00000000000000e+00	-1.00731883115879e+00	4.90895690458570e-04	4.47607165721342e-04	2.76637950943903e-04	2.64927343291865e-04	2.54679677523795e-04	2.45602135420464e-04	2.33724772733646e-04	2.20378207208105e-04	2.09160058600721e-04	1.99546797352901e-04	1.91181459293310e-04	1.83809866164841e-04	4.16942788052155e-04	3.93195233511223e-04	3.73864057372497e-04	3.57610301313316e-04	3.43627447557115e-04	3.25808238682113e-04	3.06297212604223e-04	2.90224738787481e-04	-9.75018826117211e-01	9.82154824282205e-01	0.00000000000000e+00	1
72	65	71	30	4.00999614247194e-01	0.00000000000000e+00	0.00000000000000e+00	0.00000000000000e+00	-1.27501959102529e+00	5.14497292314120e-04	4.69419024054729e-04	2.90837444173908e-04	2.78571782845072e-04	2.67834735228178e-04	2.58320824097491e-04	2.45868427897866e-04	2.31870187754057e-04	2.20099783733940e-04	2.10009994023652e-04	2.01227433533346e-04	1.93485718585462e-04	4.37454522706160e-04	4.12681146151894e-04	3.92502438698816e-04	3.75527259535269e-04	3.60917248359960e-04	3.42289958141451e-04	3.21882609862656e-04	3.05062632326103e-04	-7.84604337619601e-01	1.00038590166841e+00	0.00000000000000e+00	1
72	65	71	31	4.00931171340745e-01	0.00000000000000e+00	0.00000000000000e+00	0.00000000000000e+00	-1.59309969181037e+00	4.60408942177248e-04	4.19985939368206e-04	2.60016223533555e-04	2.49038757436759e-04	2.39430375408189e-04	2.30917337929459e-04	2.19776047011178e-04	2.07253142457731e-04	1.96724456912101e-04	1.87699935118912e-04	1.79845248371779e-04	1.72921886267385e-04	3.91332871077288e-04	3.69131929767175e-04	3.51052419611197e-04	3.35845861509809e-04	3.22760011686296e-04	3.06078606070126e-04	2.87806462232143e-04	2.72748975970072e-04	-6.74104840155382e-01	1.07391621309942e+00	0.00000000000000e+00	1
72	65	71	32	4.01050290507273e-01	0.00000000000000e+00	0.00000000000000e+00	0.00000000000000e+00	-1.81907064529442e+00	4.23685241054628e-04	3.86409618548744e-04	2.39048560595090e-04	2.28945345452480e-04	2.20103116676085e-04	2.12269617810290e-04	2.02018683684968e-04	1.90497916926935e-04	1.80812889795878e-04	1.72512291813587e-04	1.65288276371633e-04	1.58921252388255e-04	3.59996879824576e-04	3.39537183198901e-04	3.22879168153545e-04	3.08870659830207e-04	2.96817566787788e-04	2.81455083113724e-04	2.64630714908343e-04	2.50768708701110e-04	-5.23408768684269e-01	9.52117526603253e-01	0.00000000000000e+00	1
72	65	71	33	4.00937642036636e-01	0.00000000000000e+00	0.00000000000000e+00	0.00000000000000e+00	-4.11432313142059e+01	3.08096477998132e-03	2.81704789654247e-03	1.75963823397529e-03	1.68630403000081e-03	1.62203485920243e-03	1.56502940338843e-03	1.49033577594193e-03	1.40626047914483e-03	1.33547743160600e-03	1.27473752084861e-03	1.22182004242666e-03	1.17513939242697e-03	2.62918650510113e-03	2.48317172124313e-03	2.36396656607729e-03	2.26349632413780e-03	2.17688525194137e-03	2.06627134254711e-03	1.94484520016891e-03	1.84457430020246e-03	-2.59217628502223e-02	1.06650508501869e+00	0.00000000000000e+00	1
72	65	71	34	4.01051856478897e-01	0.00000000000000e+00	0.00000000000000e+00	0.00000000000000e+00	-7.58251703318541e+00	5.80358340768083e-04	5.29726409591369e-04	3.28716932914697e-04	3.14885133882892e-04	3.02774408540318e-04	2.92041192027970e-04	2.77989910266174e-04	2.62190294518572e-04	2.48901964244985e-04	2.37508660766661e-04	2.27589780152693e-04	2.18845348485819e-04	4.93798197917616e-04	4.65937898590840e-04	4.43235027705269e-04	4.24129562410891e-04	4.07681032004503e-04	3.86702881024270e-04	3.63711223105301e-04	3.44754295990013e-04	-1.25380535132069e-01	9.50700043268816e-01	0.00000000000000e+00	1
72	65	71	35	4.00976963676658e-01	0.00000000000000e+00	0.00000000000000e+00	0.00000000000000e+00	-3.49571948548960e+00	1.56190028589576e-04	1.41694270770043e-04	8.58624945617725e-05	8.21225187983554e-05	7.88585877550263e-05	7.59742002895969e-05	7.22098386426451e-05	6.79928085470793e-05	6.44587913478656e-05	6.14379059541426e-05	5.88147784137405e-05	5.65075080649624e-05	1.31512389851762e-04	1.23677136231737e-04	1.17331487356376e-04	1.12018713411599e-04	1.07464861674789e-04	1.01683981944434e-04	9.53830511537523e-05	9.02151974641052e-05	-2.92809395254364e-01	1.02357950852511e+00	0.00000000000000e+00	1
72	65	71	36	4.01000437537940e-01	0.00000000000000e+00	0.00000000000000e+00	0.00000000000000e+00	-2.29915412424593e+00	-3.49237583554540e-04	-3.21091673656682e-04	-2.04799624405450e-04	-1.96525573063600e-04	-1.89252395833117e-04	-1.82784221485432e-04	-1.74285018906373e-04	-1.64686022521732e-04	-1.56578444144850e-04	-1.49602383378467e-04	-1.43510646394285e-04	-1.38125748248674e-04	-3.00843906440029e-04	-2.84983391770632e-04	-2.71955020147097e-04	-2.60918343679917e-04	-2.51363043266339e-04	-2.39104411151159e-04	-2.25576329785815e-04	-2.14349178732309e-04	-4.34752347776286e-01	9.99562653415447e-01	0.00000000000000e+00	1
72	65	71	37	4.00981979052871e-01	0.00000000000000e+00	0.00000000000000e+00	0.00000000000000e+00	-1.98082439436372e+00	2.84303565262212e-05	2.45374565900347e-05	1.18508323938560e-05	1.11434084576478e-05	1.05414838441620e-05	1.00216057882241e-05	9.36019967467949e-06	8.64228536201495e-06	8.05940279402506e-06	7.57469920154019e-06	7.16395848820994e-06	6.81055779971906e-06	2.19424269926050e-05	2.00270928499835e-05	1.85295273255059e-05	1.73135186526396e-05	1.62991613538166e-05	1.50493048969302e-05	1.37360544445464e-05	1.26977936690809e-05	-5.14104967783881e-01	1.01835166144989e+00	0.00000000000000e+00	1
72	65	71	38	4.00947032456097e-01	0.00000000000000e+00	0.00000000000000e+00	0.00000000000000e+00	-2.04055419071121e+00	2.92708982087442e-04	2.66528415634903e-04	1.63861898827000e-04	1.56872941498576e-04	1.50761566450441e-04	1.45351493790691e-04	1.38277669538889e-04	1.30335386079428e-04	1.23664978699201e-04	1.17952636845442e-04	1.12984585377451e-04	1.08608521540710e-04	2.48027777545401e-04	2.33726124234224e-04	2.22100963397920e-04	2.12338170281656e-04	2.03947965290330e-04	1.93267315735213e-04	1.81587388316640e-04	1.71977469282214e-04	-5.17472177157844e-01	1.05593001967589e+00	0.00000000000000e+00	1
72	65	71	39	4.01000419691401e-01	0.00000000000000e+00	0.00000000000000e+00	0.00000000000000e+00	-2.21428966242743e+00	3.57573534010225e-04	3.25912034025988e-04	2.01139732858180e-04	1.92608847291553e-04	1.85145200370274e-04	1.78534952750220e-04	1.69887507306177e-04	1.60172542397530e-04	1.52008563882200e-04	1.45013736211008e-04	1.38927734408933e-04	1.33564947527587e-04	3.03501244685700e-04	2.86155365637364e-04	2.72041607818130e-04	2.60179006928207e-04	2.49976927832463e-04	2.36979947917826e-04	2.22754262151237e-04	2.11039733081675e-04	-4.51422639787094e-01	9.99580484666263e-01	0.00000000000000e+00	1
72	65	71	40	4.00977214419437e-01	0.00000000000000e+00	0.00000000000000e+00	0.00000000000000e+00	-2.35897097353367e+00	3.68034452948751e-04	3.35500358649377e-04	2.07187021346478e-04	1.98407804998246e-04	1.90726226720672e-04	1.83922446123086e-04	1.75021086717519e-04	1.65019869861061e-04	1.56614531564903e-04	1.49412325951559e-04	1.43145454277738e-04	1.37622951314698e-04	3.12465776803883e-04	2.94633499691055e-04	2.80121628164265e-04	2.67922762395734e-04	2.57430270702352e-04	2.44061672697415e-04	2.29427105550739e-04	2.17374187560182e-04	-4.33797990920717e-01	1.02331686895920e+00	0.00000000000000e+00	1
72	65	71	41	4.00940585794881e-01	0.00000000000000e+00	0.00000000000000e+00	0.00000000000000e+00	3.00904593870989e+00	-1.95576326791347e-05	-1.89744758940513e-05	-1.44275020850237e-05	-1.39826248619634e-05	-1.35793214588453e-05	-1.32112005530871e-05	-1.27142067116726e-05	-1.21351627935251e-05	-1.16317980274339e-05	-1.11884800042539e-05	-1.07938254489959e-05	-1.04393695181670e-05	-1.84248549450761e-05	-1.79202977441673e-05	-1.74582383798416e-05	-1.70338523257652e-05	-1.66424129921516e-05	-1.61081493659232e-05	-1.54775269467500e-05	-1.49221881753370e-05	3.53323697246727e-01	1.06316723625023e+00	0.00000000000000e+00	1
72	65	71	42	4.01047216032006e-01	0.00000000000000e+00	0.00000000000000e+00	0.00000000000000e+00	4.94749941711289e+00	1.40466775604420e-05	1.17635662628679e-05	4.80339710307032e-06	4.44886330552841e-06	4.15142879639507e-06	3.89789666388474e-06	3.58018496637857e-06	3.24197703249762e-06	2.97292786433090e-06	2.75329530441404e-06	2.57027234285001e-06	2.41501666564670e-06	1.02715028447165e-05	9.18835672358842e-06	8.35370654406198e-06	7.68481690915923e-06	7.13352379233534e-06	6.46343410415362e-06	5.77151922143138e-06	5.23437390387294e-06	1.93009180166467e-01	9.54912806371033e-01	0.00000000000000e+00	1
72	65	71	43	4.01054265255629e-01	0.00000000000000e+00	0.00000000000000e+00	0.00000000000000e+00	2.91335733874807e+01	1.11759766103947e-03	1.02103921948482e-03	6.35852866578634e-04	6.09238534604262e-04	5.85924377423552e-04	5.65253172176927e-04	5.38179146280293e-04	5.07719584178057e-04	4.82087764599903e-04	4.60101383860878e-04	4.40952831466390e-04	4.24065302483290e-04	9.52408928529547e-04	8.99125107881815e-04	8.55662962462977e-04	8.19058297533370e-04	7.87522605579793e-04	7.47273667475623e-04	7.03124399718535e-04	6.66693541472640e-04	3.25578973399785e-02	9.48527891496326e-01	0.00000000000000e+00	1
72	65	71	44	4.00972300375944e-01	0.00000000000000e+00	0.00000000000000e+00	0.00000000000000e+00	-8.47973551637399e+00	-9.49020106543408e-04	-8.68908985493411e-04	-5.45533169406864e-04	-5.22966708609962e-04	-5.03175398859801e-04	-4.85609796542441e-04	-4.62578138244796e-04	-4.36632712980556e-04	-4.14772315441736e-04	-3.96001474624708e-04	-3.79639057159320e-04	-3.65198327940908e-04	-8.11737178041394e-04	-7.67216298747764e-04	-7.30815429691001e-04	-7.00097680983225e-04	-6.73589581563494e-04	-6.39698169935699e-04	-6.02446470594931e-04	-5.71647744006309e-04	-1.21287833775454e-01	1.02848875176978e+00	0.00000000000000e+00	1
72	65	71	45	4.00968911388852e-01	0.00000000000000e+00	0.00000000000000e+00	0.00000000000000e+00	-4.49643411343468e+00	-3.28650465438729e-04	-3.01619595926006e-04	-1.91050578763452e-04	-1.83249677352171e-04	-1.76399332833643e-04	-1.70312572157050e-04	-1.62322160013106e-04	-1.53308039167133e-04	-1.45702790832702e-04	-1.39164964411131e-04	-1.33460462671486e-04	-1.28421736828255e-04	-2.82240345219176e-04	-2.67098502574115e-04	-2.54685429572854e-04	-2.44187449643274e-04	-2.35111374728536e-04	-2.23484845332855e-04	-2.10676667123044e-04	-2.00064570523129e-04	-2.29534359483263e-01	1.03208612418592e+00	0.00000000000000e+00	1
72	65	71	46	4.00987175073791e-01	0.00000000000000e+00	0.00000000000000e+00	0.00000000000000e+00	-3.63830303793139e+00	1.17017811365416e-04	1.05887025610429e-04	6.35221244462691e-05	6.07151748379664e-05	5.82688292138922e-05	5.61095384282728e-05	5.32951395844083e-05	5.01472178568996e-05	4.75131382936533e-05	4.52643890177518e-05	4.33138451860771e-05	4.15996529424811e-05	9.80994843521321e-05	9.21246984700863e-05	8.72975756947003e-05	8.32644272911187e-05	7.98135074421280e-05	7.54409768252140e-05	7.06857408284689e-05	6.67940318892501e-05	-2.78424180507487e-01	1.01299154177395e+00	0.00000000000000e+00	1
72	65	71	47	4.00943696297411e-01	0.00000000000000e+00	0.00000000000000e+00	0.00000000000000e+00	-3.38639615887163e+00	2.64283015630751e-04	2.40590669978946e-04	1.47792260913659e-04	1.41481426593759e-04	1.35963669069206e-04	1.31079590968919e-04	1.24694215467014e-04	1.17525828423060e-04	1.11506129404026e-04	1.06351563961771e-04	1.01868998467203e-04	9.79208302327450e-05	2.23855235791381e-04	2.10922080112197e-04	2.00411840113213e-04	1.91587109837466e-04	1.84004359577106e-04	1.74353296281793e-04	1.63801458031632e-04	1.55121391653412e-04	-3.12917596678855e-01	1.05966294743662e+00	0.00000000000000e+00	1
72	65	71	48	4.01055206827350e-01	0.00000000000000e+00	0.00000000000000e+00	0.00000000000000e+00	-3.31780413612306e+00	3.09571949698828e-04	2.82027022968645e-04	1.73740676850720e-04	1.66352576032258e-04	1.59890381692840e-04	1.54168346909289e-04	1.46684636968097e-04	1.38279464746538e-04	1.31218109822084e-04	1.25169391481883e-04	1.19907604701819e-04	1.15271865346767e-04	2.62546111149065e-04	2.47477223401349e-04	2.35222205241969e-04	2.24926083903343e-04	2.16074298392543e-04	2.04801681163658e-04	1.92468717119865e-04	1.82316994366327e-04	-2.85635158552754e-01	9.47681510468491e-01	0.00000000000000e+00	1
72	65	71	49	4.00993053978165e-01	0.00000000000000e+00	0.00000000000000e+00	0.00000000000000e+00	1.14729028634925e+00	6.12675976164878e-05	5.49570295977908e-05	3.18230760680827e-05	3.03446509208882e-05	2.90620278403653e-05	2.79344804848813e-05	2.64713144361162e-05	2.48434601359815e-05	2.34884010693603e-05	2.23366688952842e-05	2.13414643499554e-05	2.04697085535166e-05	5.05958820229413e-05	4.72814397548538e-05	4.46243285249226e-05	4.24188111209922e-05	4.05424216236572e-05	3.81794221315790e-05	3.56283691349546e-05	3.35554038558561e-05	8.77715621326355e-01	1.00699460652472e+00	0.00000000000000e+00	1
72	65	71	50	4.01094733323603e-01	0.00000000000000e+00	0.00000000000000e+00	0.00000000000000e+00	1.57954813379772e+00	8.12229112069351e-05	7.32066246299512e-05	4.32311692909471e-05	4.12778530569646e-05	3.95789994975804e-05	3.80822316641272e-05	3.61352342838073e-05	3.39627170389267e-05	3.21490559901383e-05	3.06037549971938e-05	2.92656397246072e-05	2.80913610101186e-05	6.76308509720558e-05	6.33720838588703e-05	5.99438684246723e-05	5.70883233651509e-05	5.46514900837680e-05	5.15726187256815e-05	4.82355786217692e-05	4.55134540748858e-05	5.78307463258593e-01	9.13464474351403e-01	0.00000000000000e+00	1
72	65	71	51	4.01006574464155e-01	0.00000000000000e+00	0.00000000000000e+00	0.00000000000000e+00	2.81025101792779e+00	1.58762039405125e-04	1.44116033747421e-04	8.75527635019191e-05	8.37541114379059e-05	8.04378891777757e-05	7.75064400914127e-05	7.36794438518373e-05	6.93905930507777e-05	6.57950250092521e-05	6.27205265697484e-05	6.00500624914346e-05	5.77003832915590e-05	1.33819506385247e-04	1.25890655693794e-04	1.19465650795236e-04	1.14083918669516e-04	1.09469086829406e-04	1.03608247008169e-04	9.72168337207702e-05	9.19721109694516e-05	3.53515921094079e-01	9.93468477108316e-01	0.00000000000000e+00	1
72	65	71	52	4.01070116907762e-01	0.00000000000000e+00	0.00000000000000e+00	0.00000000000000e+00	7.37293894013104e+00	4.56324342865133e-04	4.16234433176510e-04	2.57634374320248e-04	2.46754023769058e-04	2.37230975266844e-04	2.28793799124105e-04	2.17752150128980e-04	2.05341724477726e-04	1.94907992980831e-04	1.85965137850963e-04	1.78181752005346e-04	1.71321485762377e-04	3.87820545463380e-04	3.65806726910667e-04	3.47880784409615e-04	3.32804223517780e-04	3.19830855771697e-04	3.03293668210913e-04	2.85180567668020e-04	2.70254989030216e-04	1.26744212345859e-01	9.34477338641020e-01	0.00000000000000e+00	1
72	65	71	53	4.01121956205786e-01	0.00000000000000e+00	0.00000000000000e+00	0.00000000000000e+00	-6.17103506508370e+01	-2.51314342693698e-03	-2.29944375992996e-03	-1.44005661163438e-03	-1.38027096759741e-03	-1.32785649673717e-03	-1.28135112436167e-03	-1.22039478657232e-03	-1.15175423932046e-03	-1.09394306715860e-03	-1.04431822938111e-03	-1.00107223422308e-03	-9.62913748809857e-04	-2.14713353177975e-03	-2.02863942241382e-03	-1.93182992862795e-03	-1.85018548298599e-03	-1.77976673144320e-03	-1.68978355796856e-03	-1.59094184411090e-03	-1.50927140309332e-03	-1.44432883176124e-02	8.91300386630998e-01	0.00000000000000e+00	1
72	65	71	54	4.01056321597414e-01	0.00000000000000e+00	0.00000000000000e+00	0.00000000000000e+00	-8.94585789629023e+00	1.56470893064586e-05	1.32003688073645e-05	5.62989391261759e-06	5.23590615952862e-06	4.90422202892304e-06	4.62057008698835e-06	4.26376560425101e-06	3.88206763368704e-06	3.57683163321187e-06	3.32646373968348e-06	3.11691422305582e-06	2.93850788690708e-06	1.15944860539230e-05	1.04244283980481e-05	9.51985266561817e-06	8.79275753129516e-06	8.19183217692920e-06	7.45909945010226e-06	6.69939567476963e-06	6.10705719017446e-06	-1.05823432782916e-01	9.46681391773587e-01	0.00000000000000e+00	1
72	65	71	55	4.01001661045685e-01	0.00000000000000e+00	0.00000000000000e+00	0.00000000000000e+00	-6.00007753539729e+00	2.03948748452532e-04	1.85419602157455e-04	1.13319189490646e-04	1.08444392677209e-04	1.04185213537500e-04	1.00417509619311e-04	9.54949632934188e-05	8.99732139137965e-05	8.53398793801974e-05	8.13750146497760e-05	7.79289665947536e-05	7.48951906687223e-05	1.72360163797181e-04	1.62284564424908e-04	1.54107455942576e-04	1.47249337446254e-04	1.41362037941128e-04	1.33876447579784e-04	1.25701946198098e-04	1.18985177194220e-04	-1.66388134640398e-01	9.98341708812512e-01	0.00000000000000e+00	1
72	65	71	56	4.00931682225210e-01	0.00000000000000e+00	0.00000000000000e+00	0.00000000000000e+00	-5.14716491739544e+00	2.60635733543957e-04	2.37272638205832e-04	1.45761762715857e-04	1.39538258004057e-04	1.34096820101903e-04	1.29280267792908e-04	1.22983131270904e-04	1.15913741940532e-04	1.09977123783800e-04	1.04893658619098e-04	1.00472891961467e-04	9.65791260825188e-05	2.20769710541968e-04	2.08016175897940e-04	1.97651855196490e-04	1.88949600317567e-04	1.81472052193987e-04	1.71954831503895e-04	1.61549248000381e-04	1.52989421903449e-04	-2.08527869688473e-01	1.07332733515972e+00	0.00000000000000e+00	1
72	65	71	57	4.00958008024467e-01	0.00000000000000e+00	0.00000000000000e+00	0.00000000000000e+00	4.99516248524489e-01	6.91349597127244e-05	6.21556764692777e-05	3.63319450938926e-05	3.46663472187148e-05	3.32196221529690e-05	3.19464683189441e-05	3.02924433137619e-05	2.84496608143892e-05	2.69135752182237e-05	2.56064457386795e-05	2.44758163835401e-05	2.34845723504629e-05	5.73178944960340e-05	5.36326233940843e-05	5.06725316992140e-05	4.82114841188208e-05	4.61146895887055e-05	4.34700369718044e-05	4.06095850309374e-05	3.82809560685038e-05	2.08968696368992e+00	1.04383259269292e+00	0.00000000000000e+00	1
72	65	71	58	4.00967585867221e-01	0.00000000000000e+00	0.00000000000000e+00	0.00000000000000e+00	7.87216441402930e-01	7.74582311978689e-05	6.97666389987139e-05	4.10875448736414e-05	3.92238483424290e-05	3.76035056065538e-05	3.61763514356017e-05	3.43205345572084e-05	3.22506055379090e-05	3.05232777472186e-05	2.90520353396495e-05	2.77784240274581e-05	2.66610436914227e-05	6.44217262208979e-05	6.03422377445373e-05	5.70602789103924e-05	5.43279293810928e-05	5.19972421587633e-05	4.90538579352995e-05	4.58654500902211e-05	4.32659845873706e-05	1.31285368556806e+00	1.03350000643561e+00	0.00000000000000e+00	1
72	65	71	59	4.00966301686777e-01	0.00000000000000e+00	0.00000000000000e+00	0.00000000000000e+00	1.45600737036760e+00	1.02342971140201e-04	9.25225630867832e-05	5.53082467402710e-05	5.28522937545128e-05	5.07128745064200e-05	4.88252865711303e-05	4.63661356208123e-05	4.36170489157561e-05	4.13179026266253e-05	3.93559495160956e-05	3.76548043655722e-05	3.61602587681809e-05	8.56619359490551e-05	8.04041521352827e-05	7.61601113900001e-05	7.26167959543833e-05	6.95869454485631e-05	6.57505515091472e-05	6.15817377708217e-05	5.81725938898492e-05	7.10761162415102e-01	1.03487349104743e+00	0.00000000000000e+00	1
72	65	71	60	4.01012801810198e-01	0.00000000000000e+00	0.00000000000000e+00	0.00000000000000e+00	2.86283457257130e+00	1.53219439962382e-04	1.39048217102089e-04	8.43869170269462e-05	8.07201398227431e-05	7.75194873037233e-05	7.46905434839684e-05	7.09978551219903e-05	6.68601771826038e-05	6.33918787907861e-05	6.04265909019963e-05	5.78512737113845e-05	5.55855385672155e-05	1.29089643956859e-04	1.21423458587011e-04	1.15212883185611e-04	1.10011872788363e-04	1.05552827638578e-04	9.98909397653680e-05	9.37179137467936e-05	8.86535204658312e-05	3.44888948206692e-01	9.87360004623868e-01	0.00000000000000e+00	1
72	65	71	61	4.00972381096447e-01	0.00000000000000e+00	0.00000000000000e+00	0.00000000000000e+00	7.07453609245668e+00	2.37111736108297e-04	2.15770956058736e-04	1.32350664116876e-04	1.26687459300445e-04	1.21736966740116e-04	1.17355798114671e-04	1.11629032064298e-04	1.05201504101315e-04	9.98051455668447e-05	9.51851939119397e-05	9.11681826402111e-05	8.76305627155460e-05	2.00706877204526e-04	1.89071275324859e-04	1.79619349185534e-04	1.71685893466167e-04	1.64870944249662e-04	1.56199743979624e-04	1.46722602680671e-04	1.38929239987817e-04	1.45366898995015e-01	1.02840337358874e+00	0.00000000000000e+00	1
72	65	71	62	4.00984981781359e-01	0.00000000000000e+00	0.00000000000000e+00	0.00000000000000e+00	9.13689998378309e+01	8.50602577579185e-04	7.76909392625091e-04	4.83345800338597e-04	4.63085641541849e-04	4.45340142770534e-04	4.29608177492935e-04	4.09005916610083e-04	3.85830899201078e-04	3.66331880493953e-04	3.49608115104538e-04	3.35044489065184e-04	3.22201985874182e-04	7.24556248191899e-04	6.83924261530189e-04	6.50791153501307e-04	6.22892237533534e-04	5.98861420292529e-04	5.68197199154907e-04	5.34569464406776e-04	5.06826954876249e-04	1.11115061595670e-02	1.01524720449153e+00	0.00000000000000e+00	1
72	65	71	63	4.01052649588952e-01	0.00000000000000e+00	0.00000000000000e+00	0.00000000000000e+00	-1.47734983378713e+01	1.71628534719637e-04	1.55867068664106e-04	9.48581649033997e-05	9.07526882717447e-05	8.71677366602874e-05	8.39980622839853e-05	7.98591115149794e-05	7.52193831686787e-05	7.13286254174772e-05	6.80009775977375e-05	6.51100837931740e-05	6.25660391523342e-05	1.44777908609006e-04	1.36233797440877e-04	1.29307036703663e-04	1.23502788889951e-04	1.18524008639320e-04	1.12198746133441e-04	1.05298022701761e-04	9.96331308532605e-05	-6.43032357349043e-02	9.49983746249353e-01	0.00000000000000e+00	1
72	65	71	64	4.01140047195018e-01	0.00000000000000e+00	0.00000000000000e+00	0.00000000000000e+00	-9.13514514085099e+00	2.24383865505162e-04	2.04122667940676e-04	1.25047552180013e-04	1.19686903102711e-04	1.15001698262951e-04	1.10855937782706e-04	1.05437771743877e-04	9.93578049650612e-05	9.42542232543753e-05	8.98856272992798e-05	8.60876882563533e-05	8.27433736036998e-05	1.89828232959321e-04	1.78791518599675e-04	1.69828966739338e-04	1.62308287887547e-04	1.55849408840836e-04	1.47633273544168e-04	1.38656089316069e-04	1.31275905761674e-04	-9.60200035578538e-02	8.77156668926023e-01	0.00000000000000e+00	1
72	65	71	66	4.00987541690030e-01	0.00000000000000e+00	0.00000000000000e+00	0.00000000000000e+00	5.00972183910869e-01	7.36270207392087e-05	6.62640616159171e-05	3.89007944432418e-05	3.71282930852201e-05	3.55878656419506e-05	3.42315892460920e-05	3.24686349838510e-05	3.05032218901324e-05	2.88638777191652e-05	2.74681293515044e-05	2.62602856458960e-05	2.52009216448190e-05	6.11530300632657e-05	5.72552956795702e-05	5.41216988018123e-05	5.15143788939465e-05	4.92914629162122e-05	4.64857011115427e-05	4.34483468371161e-05	4.09736008163408e-05	2.02130080275923e+00	1.01261547749908e+00	0.00000000000000e+00	1
72	65	71	67	4.00963245601462e-01	0.00000000000000e+00	0.00000000000000e+00	0.00000000000000e+00	1.05969922453571e+00	8.75830694136992e-05	7.90254816298575e-05	4.68738961935111e-05	4.47692209865069e-05	4.29376728487973e-05	4.13231724621932e-05	3.92218621183549e-05	3.68755842742319e-05	3.49155815061453e-05	3.32446655864072e-05	3.17970869148088e-05	3.05262350033253e-05	7.30639582852133e-05	6.85051117236268e-05	6.48317464775339e-05	6.17694631127597e-05	5.91543231972524e-05	5.58476140484210e-05	5.22603156155599e-05	4.93314158379610e-05	9.79671217863928e-01	1.03815682987036e+00	0.00000000000000e+00	1
72	65	71	68	4.01085983708587e-01	0.00000000000000e+00	0.00000000000000e+00	0.00000000000000e+00	1.98342840574512e+00	1.09117215993937e-04	9.87172625234178e-05	5.91792616749798e-05	5.65620644109588e-05	5.42813241581896e-05	5.22683808416025e-05	4.96449691043122e-05	4.67109783615083e-05	4.42561519592433e-05	4.21606011086206e-05	4.03430589516196e-05	3.87458309226707e-05	9.14439965958858e-05	8.58654307024365e-05	8.13594685711294e-05	7.75953708973542e-05	7.43751749621158e-05	7.02956600338034e-05	6.58599300774609e-05	6.22303494343113e-05	4.64258817695926e-01	9.20824126635745e-01	0.00000000000000e+00	1
72	65	71	69	4.00990194201475e-01	0.00000000000000e+00	0.00000000000000e+00	0.00000000000000e+00	3.99072972106551e+00	1.36213602223267e-04	1.23496208183638e-04	7.46655836239007e-05	7.14035018233306e-05	6.85575518567516e-05	6.60432473124084e-05	6.27628630538446e-05	5.90893234770906e-05	5.60118226134998e-05	5.33819118241352e-05	5.10988013304736e-05	4.90908513643973e-05	1.14572862267015e-04	1.07711508048891e-04	1.02158119087870e-04	9.75110972827320e-05	9.35296863801005e-05	8.84778869651992e-05	8.29746931803044e-05	7.84635167145886e-05	2.53062215433773e-01	1.00990290441024e+00	0.00000000000000e+00	1
72	65	71	70	4.00995754586456e-01	0.00000000000000e+00	0.00000000000000e+00	0.00000000000000e+00	1.05854682283949e+01	1.62828955454053e-04	1.47836239065446e-04	8.98800272878253e-05	8.59845372835899e-05	8.25834233875167e-05	7.95766586753066e-05	7.56509515685844e-05	7.12509580570453e-05	6.75617925952610e-05	6.44069589108565e-05	6.16664937012068e-05	5.92550608747855e-05	1.37292694128321e-04	1.29171717407450e-04	1.22589774768311e-04	1.17075707923076e-04	1.12346749986059e-04	1.06340093608104e-04	9.97885300323409e-05	9.44114956804576e-05	9.48719029007739e-02	1.00426351392351e+00	0.00000000000000e+00	1
0
