0.000298
0.000311
0.000319
0.000266
0.000298
0.000348
0.000338
0.000322
0.000315
0.000354
0.000451
0.000672
0.000681
0.000472
0.000372
0.000329
0.000331
0.000365
0.000462
0.000651
0.000688
0.000485
0.000372
0.000323
0.000374
0.000341
0.000323
0.000264
0.000344
0.000361
0.000323
0.000297
0.002177
0.000408
0.000107
-0.000251
0.000016
0.000204
0.000250
0.000257
-0.000017
0.000007
0.000788
-0.000674
-0.000235
0.000080
0.000184
0.000216
0.000041
0.000055
0.000109
0.000320
-0.001780
0.000008
0.000141
0.000181
0.000046
0.000052
0.000070
0.000106
0.000165
0.000599
0.000119
0.000156
0.000049
0.000059
0.000074
0.000094
0.000112
