0.000240
0.000251
0.000257
0.000214
0.000240
0.000280
0.000272
0.000259
0.000254
0.000285
0.000364
0.000542
0.000549
0.000381
0.000300
0.000265
0.000267
0.000294
0.000373
0.000526
0.000556
0.000392
0.000300
0.000260
0.000301
0.000275
0.000260
0.000212
0.000277
0.000291
0.000260
0.000239
0.001760
0.000329
0.000086
-0.000205
0.000012
0.000164
0.000201
0.000207
-0.000014
0.000005
0.000636
-0.000546
-0.000191
0.000064
0.000148
0.000174
0.000032
0.000043
0.000088
0.000258
-0.001440
0.000006
0.000113
0.000146
0.000036
0.000041
0.000055
0.000084
0.000132
0.000483
0.000095
0.000125
0.000039
0.000047
0.000059
0.000075
0.000090
