72
# x y z
0.05	0.485	-0
0.1	0.485	-0
0.15	0.485	-0
0.2	0.485	-0
0.25	0.485	-0
0.3	0.485	-0
0.35	0.485	-0
0.4	0.485	-0
0.05	0.425	-0
0.1	0.425	-0
0.15	0.425	-0
0.2	0.425	-0
0.25	0.425	-0
0.3	0.425	-0
0.35	0.425	-0
0.4	0.425	-0
0.05	0.375	-0
0.1	0.375	-0
0.15	0.375	-0
0.2	0.375	-0
0.25	0.375	-0
0.3	0.375	-0
0.35	0.375	-0
0.4	0.375	-0
0.05	0.325	-0
0.1	0.325	-0
0.15	0.325	-0
0.2	0.325	-0
0.25	0.325	-0
0.3	0.325	-0
0.35	0.325	-0
0.4	0.325	-0
0.05	0.275	-0
0.1	0.275	-0
0.15	0.275	-0
0.2	0.275	-0
0.25	0.275	-0
0.3	0.275	-0
0.35	0.275	-0
0.4	0.275	-0
0.05	0.225	-0
0.1	0.225	-0
0.15	0.225	-0
0.2	0.225	-0
0.25	0.225	-0
0.3	0.225	-0
0.35	0.225	-0
0.4	0.225	-0
0.05	0.175	-0
0.1	0.175	-0
0.15	0.175	-0
0.2	0.175	-0
0.25	0.175	-0
0.3	0.175	-0
0.35	0.175	-0
0.4	0.175	-0
0.05	0.125	-0
0.1	0.125	-0
0.15	0.125	-0
0.2	0.125	-0
0.25	0.125	-0
0.3	0.125	-0
0.35	0.125	-0
0.4	0.125	-0
0.05	0.075	-0
0.1	0.075	-0
0.15	0.075	-0
0.2	0.075	-0
0.25	0.075	-0
0.3	0.075	-0
0.35	0.075	-0
0.225	0.4	-0
69
# a b m n err i ip iperr k m0 m1 m10 m11 m12 m13 m14 m15 m16 m17 m18 m19 m2 m3 m4 m5 m6 m7 m8 m9 r rhoa u valid 
72	65	71	1	5.00000151174450e-02	0.00000000000000e+00	0.00000000000000e+00	0.00000000000000e+00	-1.51174449528439e+00	4.98024568588162e-05	4.27583576192436e-05	2.14626339161139e-05	2.03080061933480e-05	1.93232378262742e-05	1.84701370238294e-05	1.73801250500372e-05	1.61891793386548e-05	1.52145599340292e-05	1.43976496839171e-05	1.36999471564980e-05	1.30952443556653e-05	3.82260614070207e-05	3.49546035941506e-05	3.24349333676865e-05	3.04103945365508e-05	2.87341249787243e-05	2.66814234745061e-05	2.45354895632710e-05	2.28430784231515e-05	-6.38229956772534e+01	9.64840623876475e+01	0.00000000000000e+00	1
72	65	71	2	5.00000127030360e-02	0.00000000000000e+00	0.00000000000000e+00	0.00000000000000e+00	-1.27030360049232e+00	4.98024568565958e-05	4.27583576164681e-05	2.14626339147816e-05	2.03080061926819e-05	1.93232378256081e-05	1.84701370212759e-05	1.73801250471506e-05	1.61891793365454e-05	1.52145599328080e-05	1.43976496859155e-05	1.36999471567201e-05	1.30952443527788e-05	3.82260614048002e-05	3.49546035942616e-05	3.24349333652441e-05	3.04103945353296e-05	2.87341249726181e-05	2.66814234725077e-05	2.45354895607175e-05	2.28430784215972e-05	-7.67915540233429e+01	9.75485875632529e+01	0.00000000000000e+00	1
72	65	71	3	5.00000099637187e-02	0.00000000000000e+00	0.00000000000000e+00	0.00000000000000e+00	-9.96371865430313e-01	4.98024568537092e-05	4.27583576143586e-05	2.14626339143376e-05	2.03080061890182e-05	1.93232378217223e-05	1.84701370189444e-05	1.73801250451522e-05	1.61891793354352e-05	1.52145599290332e-05	1.43976496844722e-05	1.36999471536114e-05	1.30952443525567e-05	3.82260614018026e-05	3.49546035933734e-05	3.24349333631346e-05	3.04103945305556e-05	2.87341249697315e-05	2.66814234709534e-05	2.45354895584970e-05	2.28430784214861e-05	-9.87492034297941e+01	9.83909280311014e+01	0.00000000000000e+00	1
72	65	71	4	5.00000080214327e-02	0.00000000000000e+00	0.00000000000000e+00	0.00000000000000e+00	-8.02143267115110e-01	4.98024568537092e-05	4.27583576111390e-05	2.14626339124502e-05	2.03080061869088e-05	1.93232378203900e-05	1.84701370162799e-05	1.73801250452632e-05	1.61891793337698e-05	1.52145599294773e-05	1.43976496855824e-05	1.36999471507249e-05	1.30952443501142e-05	3.82260614010255e-05	3.49546035930404e-05	3.24349333616913e-05	3.04103945282241e-05	2.87341249652906e-05	2.66814234691770e-05	2.45354895601624e-05	2.28430784220413e-05	-1.13726074563515e+02	9.12246050065544e+01	0.00000000000000e+00	1
72	65	71	5	5.00000078999170e-02	0.00000000000000e+00	0.00000000000000e+00	0.00000000000000e+00	-7.89991697239265e-01	4.98024568567068e-05	4.27583576131374e-05	2.14626339133384e-05	2.03080061865757e-05	1.93232378192798e-05	1.84701370204987e-05	1.73801250488159e-05	1.61891793361013e-05	1.52145599300324e-05	1.43976496856935e-05	1.36999471531674e-05	1.30952443527788e-05	3.82260614018026e-05	3.49546035933734e-05	3.24349333622465e-05	3.04103945282241e-05	2.87341249666229e-05	2.66814234702872e-05	2.45354895617167e-05	2.28430784217082e-05	-1.27891625782152e+02	1.01033322514331e+02	0.00000000000000e+00	1
72	65	71	6	5.00000094391716e-02	0.00000000000000e+00	0.00000000000000e+00	0.00000000000000e+00	-9.43917160199789e-01	4.98024568549305e-05	4.27583576114721e-05	2.14626339150037e-05	2.03080061861316e-05	1.93232378201680e-05	1.84701370202767e-05	1.73801250464845e-05	1.61891793333258e-05	1.52145599261466e-05	1.43976496833620e-05	1.36999471530563e-05	1.30952443494481e-05	3.82260613986940e-05	3.49546035919301e-05	3.24349333610252e-05	3.04103945292233e-05	2.87341249662898e-05	2.66814234695101e-05	2.45354895590522e-05	2.28430784179334e-05	-9.52876788662488e+01	8.99436752374590e+01	0.00000000000000e+00	1
72	65	71	7	5.00000114633842e-02	0.00000000000000e+00	0.00000000000000e+00	0.00000000000000e+00	-1.14633841777957e+00	4.98024568523769e-05	4.27583576105839e-05	2.14626339146706e-05	2.03080061864647e-05	1.93232378210562e-05	1.84701370214979e-05	1.73801250442640e-05	1.61891793352131e-05	1.52145599262576e-05	1.43976496783660e-05	1.36999471521682e-05	1.30952443477828e-05	3.82260613991381e-05	3.49546035888215e-05	3.24349333586937e-05	3.04103945265588e-05	2.87341249680662e-05	2.66814234719526e-05	2.45354895582750e-05	2.28430784134925e-05	-8.48037057057566e+01	9.72137458205817e+01	0.00000000000000e+00	1
72	65	71	8	5.00000130656947e-02	0.00000000000000e+00	0.00000000000000e+00	0.00000000000000e+00	-1.30656947297321e+00	4.98024568545974e-05	4.27583576114721e-05	2.14626339122281e-05	2.03080061841332e-05	1.93232378237207e-05	1.84701370220530e-05	1.73801250461514e-05	1.61891793337698e-05	1.52145599241482e-05	1.43976496774778e-05	1.36999471520571e-05	1.30952443481158e-05	3.82260613993601e-05	3.49546035899317e-05	3.24349333586937e-05	3.04103945274470e-05	2.87341249709527e-05	2.66814234752832e-05	2.45354895570538e-05	2.28430784111611e-05	-7.78267727711485e+01	1.01686085482805e+02	0.00000000000000e+00	1
72	65	71	9	5.00000167068122e-02	0.00000000000000e+00	0.00000000000000e+00	0.00000000000000e+00	-1.67068122188948e+00	4.98024568581501e-05	4.27583576164681e-05	2.14626339152257e-05	2.03080061923488e-05	1.93232378243868e-05	1.84701370221640e-05	1.73801250478167e-05	1.61891793378777e-05	1.52145599294773e-05	1.43976496845832e-05	1.36999471569421e-05	1.30952443531118e-05	3.82260614034680e-05	3.49546035940396e-05	3.24349333664653e-05	3.04103945384382e-05	2.87341249766149e-05	2.66814234730628e-05	2.45354895616057e-05	2.28430784213751e-05	-6.44911674556938e+01	1.07744182445957e+02	0.00000000000000e+00	1
72	65	71	10	5.00000131328261e-02	0.00000000000000e+00	0.00000000000000e+00	0.00000000000000e+00	-1.31328260503040e+00	4.98024568550415e-05	4.27583576153578e-05	2.14626339123392e-05	2.03080061895733e-05	1.93232378228325e-05	1.84701370208318e-05	1.73801250467065e-05	1.61891793377666e-05	1.52145599283671e-05	1.43976496844722e-05	1.36999471533894e-05	1.30952443541110e-05	3.82260614032459e-05	3.49546035931514e-05	3.24349333655771e-05	3.04103945349965e-05	2.87341249733952e-05	2.66814234709534e-05	2.45354895609395e-05	2.28430784239286e-05	-7.09263299854442e+01	9.31463154085298e+01	0.00000000000000e+00	1
72	65	71	11	5.00000086249724e-02	0.00000000000000e+00	0.00000000000000e+00	0.00000000000000e+00	-8.62497235127859e-01	4.98024568564848e-05	4.27583576144697e-05	2.14626339122281e-05	2.03080061872418e-05	1.93232378216113e-05	1.84701370192775e-05	1.73801250475947e-05	1.61891793364344e-05	1.52145599313647e-05	1.43976496862486e-05	1.36999471538335e-05	1.30952443508914e-05	3.82260614031349e-05	3.49546035952608e-05	3.24349333632457e-05	3.04103945322209e-05	2.87341249669559e-05	2.66814234699542e-05	2.45354895608285e-05	2.28430784261491e-05	-1.24204987401198e+02	1.07126458222623e+02	0.00000000000000e+00	1
72	65	71	12	5.00000041344395e-02	0.00000000000000e+00	0.00000000000000e+00	0.00000000000000e+00	-4.13443950953206e-01	4.98024568560407e-05	4.27583576150248e-05	2.14626339093416e-05	2.03080061855765e-05	1.93232378167263e-05	1.84701370145035e-05	1.73801250489269e-05	1.61891793348801e-05	1.52145599340292e-05	1.43976496894682e-05	1.36999471507249e-05	1.30952443517796e-05	3.82260613999152e-05	3.49546035944837e-05	3.24349333615803e-05	3.04103945291123e-05	2.87341249590733e-05	2.66814234667345e-05	2.45354895629379e-05	2.28430784299238e-05	-2.38491046024765e+02	9.86026803354420e+01	0.00000000000000e+00	1
72	65	71	13	5.00000040889951e-02	0.00000000000000e+00	0.00000000000000e+00	0.00000000000000e+00	-4.08899510301353e-01	4.98024568559297e-05	4.27583576134705e-05	2.14626339095636e-05	2.03080061851324e-05	1.93232378162822e-05	1.84701370156137e-05	1.73801250483718e-05	1.61891793338809e-05	1.52145599336961e-05	1.43976496900233e-05	1.36999471505028e-05	1.30952443516685e-05	3.82260613993601e-05	3.49546035943726e-05	3.24349333605811e-05	3.04103945291123e-05	2.87341249595174e-05	2.66814234670676e-05	2.45354895632710e-05	2.28430784301459e-05	-2.37715765826501e+02	9.72018602373674e+01	0.00000000000000e+00	1
72	65	71	14	5.00000081528888e-02	0.00000000000000e+00	0.00000000000000e+00	0.00000000000000e+00	-8.15288879094879e-01	4.98024568562627e-05	4.27583576131374e-05	2.14626339135604e-05	2.03080061880190e-05	1.93232378185026e-05	1.84701370179452e-05	1.73801250471506e-05	1.61891793339919e-05	1.52145599300324e-05	1.43976496842502e-05	1.36999471507249e-05	1.30952443502252e-05	3.82260614012475e-05	3.49546035918191e-05	3.24349333613583e-05	3.04103945288903e-05	2.87341249640694e-05	2.66814234699542e-05	2.45354895612726e-05	2.28430784220413e-05	-1.29931758571363e+02	1.05931917804473e+02	0.00000000000000e+00	1
72	65	71	15	5.00000115216774e-02	0.00000000000000e+00	0.00000000000000e+00	0.00000000000000e+00	-1.15216773512084e+00	4.98024568545974e-05	4.27583576098067e-05	2.14626339116730e-05	2.03080061859096e-05	1.93232378198349e-05	1.84701370200546e-05	1.73801250442640e-05	1.61891793335478e-05	1.52145599282560e-05	1.43976496800313e-05	1.36999471502808e-05	1.30952443491150e-05	3.82260613999152e-05	3.49546035913750e-05	3.24349333609142e-05	3.04103945280021e-05	2.87341249683992e-05	2.66814234726187e-05	2.45354895592742e-05	2.28430784137146e-05	-9.41638905304770e+01	1.08492596482666e+02	0.00000000000000e+00	1
72	65	71	16	5.00000136942509e-02	0.00000000000000e+00	0.00000000000000e+00	0.00000000000000e+00	-1.36942508492637e+00	4.98024568545974e-05	4.27583576124713e-05	2.14626339155588e-05	2.03080061861316e-05	1.93232378226105e-05	1.84701370214979e-05	1.73801250461514e-05	1.61891793368785e-05	1.52145599267017e-05	1.43976496813636e-05	1.36999471500587e-05	1.30952443481158e-05	3.82260613995822e-05	3.49546035922632e-05	3.24349333584717e-05	3.04103945318879e-05	2.87341249731732e-05	2.66814234752832e-05	2.45354895580530e-05	2.28430784118272e-05	-6.68484153703957e+01	9.15438968957976e+01	0.00000000000000e+00	1
72	65	71	17	5.00000208908596e-02	0.00000000000000e+00	0.00000000000000e+00	0.00000000000000e+00	-2.08908595493051e+00	4.98024568560407e-05	4.27583576153578e-05	2.14626339148927e-05	2.03080061896843e-05	1.93232378282726e-05	1.84701370227192e-05	1.73801250492600e-05	1.61891793376556e-05	1.52145599316977e-05	1.43976496856935e-05	1.36999471548327e-05	1.30952443511134e-05	3.82260614033569e-05	3.49546035922632e-05	3.24349333631346e-05	3.04103945379941e-05	2.87341249818329e-05	2.66814234707313e-05	2.45354895612726e-05	2.28430784234845e-05	-4.61935920299100e+01	9.65023843174750e+01	0.00000000000000e+00	1
72	65	71	18	5.00000156012266e-02	0.00000000000000e+00	0.00000000000000e+00	0.00000000000000e+00	-1.56012266376084e+00	4.98024568548194e-05	4.27583576133594e-05	2.14626339110069e-05	2.03080061875749e-05	1.93232378190578e-05	1.84701370198326e-05	1.73801250463734e-05	1.61891793383218e-05	1.52145599292552e-05	1.43976496836951e-05	1.36999471526122e-05	1.30952443481158e-05	3.82260613992491e-05	3.49546035929293e-05	3.24349333621354e-05	3.04103945305556e-05	2.87341249742834e-05	2.66814234708423e-05	2.45354895591632e-05	2.28430784220413e-05	-6.59658483975184e+01	1.02914815119180e+02	0.00000000000000e+00	1
72	65	71	19	5.00000096458668e-02	0.00000000000000e+00	0.00000000000000e+00	0.00000000000000e+00	-9.64586682468765e-01	4.98024568518218e-05	4.27583576129154e-05	2.14626339094526e-05	2.03080061874639e-05	1.93232378186137e-05	1.84701370143925e-05	1.73801250468175e-05	1.61891793363234e-05	1.52145599312536e-05	1.43976496874698e-05	1.36999471512800e-05	1.30952443498922e-05	3.82260614005814e-05	3.49546035903758e-05	3.24349333610252e-05	3.04103945304446e-05	2.87341249646245e-05	2.66814234677337e-05	2.45354895601624e-05	2.28430784244837e-05	-1.08742030134835e+02	1.04891114092679e+02	0.00000000000000e+00	1
72	65	71	20	5.00000043409357e-02	0.00000000000000e+00	0.00000000000000e+00	0.00000000000000e+00	-4.34093565607783e-01	4.98024568548194e-05	4.27583576136925e-05	2.14626339086754e-05	2.03080061843552e-05	1.93232378169483e-05	1.84701370139484e-05	1.73801250485939e-05	1.61891793346580e-05	1.52145599344733e-05	1.43976496904674e-05	1.36999471511690e-05	1.30952443526677e-05	3.82260613991381e-05	3.49546035935955e-05	3.24349333603591e-05	3.04103945302225e-05	2.87341249601836e-05	2.66814234657353e-05	2.45354895626049e-05	2.28430784307010e-05	-2.16343079890385e+02	9.39131389441866e+01	0.00000000000000e+00	1
72	65	71	21	5.00000042798979e-02	0.00000000000000e+00	0.00000000000000e+00	0.00000000000000e+00	-4.27989786271698e-01	4.98024568547084e-05	4.27583576123602e-05	2.14626339085644e-05	2.03080061841332e-05	1.93232378159491e-05	1.84701370142815e-05	1.73801250485939e-05	1.61891793327706e-05	1.52145599343623e-05	1.43976496891352e-05	1.36999471497257e-05	1.30952443500032e-05	3.82260613998042e-05	3.49546035938175e-05	3.24349333596929e-05	3.04103945288903e-05	2.87341249586293e-05	2.66814234664015e-05	2.45354895641592e-05	2.28430784290357e-05	-2.18119743001554e+02	9.33530221888729e+01	0.00000000000000e+00	1
72	65	71	22	5.00000088364652e-02	0.00000000000000e+00	0.00000000000000e+00	0.00000000000000e+00	-8.83646515876822e-01	4.98024568549305e-05	4.27583576129154e-05	2.14626339124502e-05	2.03080061881300e-05	1.93232378206121e-05	1.84701370194995e-05	1.73801250479277e-05	1.61891793356572e-05	1.52145599324749e-05	1.43976496860265e-05	1.36999471526122e-05	1.30952443517796e-05	3.82260614013585e-05	3.49546035941506e-05	3.24349333622465e-05	3.04103945304446e-05	2.87341249645134e-05	2.66814234716195e-05	2.45354895629379e-05	2.28430784234845e-05	-1.13159192607874e+02	9.99927262873818e+01	0.00000000000000e+00	1
72	65	71	23	5.00000127232935e-02	0.00000000000000e+00	0.00000000000000e+00	0.00000000000000e+00	-1.27232934831528e+00	4.98024568518218e-05	4.27583576113610e-05	2.14626339108959e-05	2.03080061867977e-05	1.93232378201680e-05	1.84701370203877e-05	1.73801250457073e-05	1.61891793324376e-05	1.52145599254805e-05	1.43976496811415e-05	1.36999471501698e-05	1.30952443478938e-05	3.82260614005814e-05	3.49546035894877e-05	3.24349333609142e-05	3.04103945294454e-05	2.87341249680662e-05	2.66814234728407e-05	2.45354895588301e-05	2.28430784137146e-05	-7.34296784335865e+01	9.34267349084057e+01	0.00000000000000e+00	1
72	65	71	24	5.00000151934151e-02	0.00000000000000e+00	0.00000000000000e+00	0.00000000000000e+00	-1.51934151410640e+00	4.98024568562627e-05	4.27583576119162e-05	2.14626339154478e-05	2.03080061885741e-05	1.93232378226105e-05	1.84701370237184e-05	1.73801250453742e-05	1.61891793331037e-05	1.52145599255915e-05	1.43976496813636e-05	1.36999471532784e-05	1.30952443508914e-05	3.82260613984720e-05	3.49546035930404e-05	3.24349333603591e-05	3.04103945301115e-05	2.87341249720630e-05	2.66814234733959e-05	2.45354895564986e-05	2.28430784113831e-05	-6.45687225652161e+01	9.81019407061517e+01	0.00000000000000e+00	1
72	65	71	25	5.00000347519891e-02	0.00000000000000e+00	0.00000000000000e+00	0.00000000000000e+00	-3.47519891307686e+00	4.98024568488242e-05	4.27583576128043e-05	2.14626339137824e-05	2.03080061913496e-05	1.93232378259411e-05	1.84701370162799e-05	1.73801250480388e-05	1.61891793428737e-05	1.52145599304765e-05	1.43976496801423e-05	1.36999471503918e-05	1.30952443424537e-05	3.82260614014696e-05	3.49546035851578e-05	3.24349333598040e-05	3.04103945419909e-05	2.87341249886053e-05	2.66814234688439e-05	2.45354895533900e-05	2.28430784176004e-05	-3.05956753248413e+01	1.06326057633741e+02	0.00000000000000e+00	1
72	65	71	26	5.00000240835060e-02	0.00000000000000e+00	0.00000000000000e+00	0.00000000000000e+00	-2.40835060349715e+00	4.98024568503785e-05	4.27583576132484e-05	2.14626339154478e-05	2.03080061912386e-05	1.93232378252750e-05	1.84701370182783e-05	1.73801250467065e-05	1.61891793374336e-05	1.52145599300324e-05	1.43976496852494e-05	1.36999471532784e-05	1.30952443455623e-05	3.82260614035790e-05	3.49546035895987e-05	3.24349333625795e-05	3.04103945384382e-05	2.87341249799455e-05	2.66814234699542e-05	2.45354895583860e-05	2.28430784209310e-05	-4.17727131858909e+01	1.00603339010954e+02	0.00000000000000e+00	1
72	65	71	27	5.00000154474666e-02	0.00000000000000e+00	0.00000000000000e+00	0.00000000000000e+00	-1.54474666471077e+00	4.98024568518218e-05	4.27583576132484e-05	2.14626339107848e-05	2.03080061866867e-05	1.93232378207231e-05	1.84701370165019e-05	1.73801250463734e-05	1.61891793353242e-05	1.52145599305875e-05	1.43976496851383e-05	1.36999471533894e-05	1.30952443485599e-05	3.82260614001373e-05	3.49546035919301e-05	3.24349333628016e-05	3.04103945331091e-05	2.87341249703976e-05	2.66814234700652e-05	2.45354895583860e-05	2.28430784245948e-05	-6.52143884964376e+01	1.00739709121025e+02	0.00000000000000e+00	1
72	65	71	28	5.00000105767950e-02	0.00000000000000e+00	0.00000000000000e+00	0.00000000000000e+00	-1.05767949682531e+00	4.98024568527100e-05	4.27583576119162e-05	2.14626339095636e-05	2.03080061856875e-05	1.93232378176145e-05	1.84701370145035e-05	1.73801250469285e-05	1.61891793337698e-05	1.52145599310316e-05	1.43976496852494e-05	1.36999471496146e-05	1.30952443501142e-05	3.82260614003593e-05	3.49546035922632e-05	3.24349333614693e-05	3.04103945316658e-05	2.87341249652906e-05	2.66814234679558e-05	2.45354895604954e-05	2.28430784244837e-05	-8.15288264414987e+01	8.62313681274024e+01	0.00000000000000e+00	1
72	65	71	29	5.00000100731883e-02	0.00000000000000e+00	0.00000000000000e+00	0.00000000000000e+00	-1.00731883115879e+00	4.98024568532651e-05	4.27583576132484e-05	2.14626339098967e-05	2.03080061862426e-05	1.93232378188357e-05	1.84701370169460e-05	1.73801250465955e-05	1.61891793345470e-05	1.52145599315867e-05	1.43976496866927e-05	1.36999471515020e-05	1.30952443493371e-05	3.82260614003593e-05	3.49546035938175e-05	3.24349333608032e-05	3.04103945311107e-05	2.87341249659567e-05	2.66814234698431e-05	2.45354895613836e-05	2.28430784255940e-05	-9.75019179444564e+01	9.82155180195501e+01	0.00000000000000e+00	1
72	65	71	30	5.00000127501959e-02	0.00000000000000e+00	0.00000000000000e+00	0.00000000000000e+00	-1.27501959102529e+00	4.98024568530431e-05	4.27583576110280e-05	2.14626339114510e-05	2.03080061856875e-05	1.93232378199459e-05	1.84701370181672e-05	1.73801250455963e-05	1.61891793346580e-05	1.52145599301434e-05	1.43976496834730e-05	1.36999471503918e-05	1.30952443492260e-05	3.82260614010255e-05	3.49546035925963e-05	3.24349333612473e-05	3.04103945307777e-05	2.87341249682882e-05	2.66814234706203e-05	2.45354895607175e-05	2.28430784199318e-05	-7.84604329978938e+01	1.00038589192641e+02	0.00000000000000e+00	1
72	65	71	31	5.00000159309969e-02	0.00000000000000e+00	0.00000000000000e+00	0.00000000000000e+00	-1.59309969181037e+00	4.98024568542643e-05	4.27583576122492e-05	2.14626339126722e-05	2.03080061874639e-05	1.93232378197239e-05	1.84701370198326e-05	1.73801250450412e-05	1.61891793312163e-05	1.52145599240372e-05	1.43976496816967e-05	1.36999471491706e-05	1.30952443465615e-05	3.82260613985830e-05	3.49546035911530e-05	3.24349333615803e-05	3.04103945316658e-05	2.87341249687323e-05	2.66814234718415e-05	2.45354895576089e-05	2.28430784138256e-05	-6.74103376660989e+01	1.07391388160695e+02	0.00000000000000e+00	1
72	65	71	32	5.00000181907065e-02	0.00000000000000e+00	0.00000000000000e+00	0.00000000000000e+00	-1.81907064529442e+00	4.98024568572619e-05	4.27583576134705e-05	2.14626339163360e-05	2.03080061894623e-05	1.93232378240538e-05	1.84701370218310e-05	1.73801250457073e-05	1.61891793362123e-05	1.52145599264797e-05	1.43976496795872e-05	1.36999471542776e-05	1.30952443506693e-05	3.82260614013585e-05	3.49546035905979e-05	3.24349333642449e-05	3.04103945316658e-05	2.87341249738393e-05	2.66814234749502e-05	2.45354895571648e-05	2.28430784150468e-05	-5.23409716722749e+01	9.52119251152222e+01	0.00000000000000e+00	1
72	65	71	33	5.00004114323131e-02	0.00000000000000e+00	0.00000000000000e+00	0.00000000000000e+00	-4.11432313142059e+01	4.98024567517907e-05	4.27583575852708e-05	2.14626339524182e-05	2.03080062093353e-05	1.93232379134267e-05	1.84701370063989e-05	1.73801249954142e-05	1.61891793989399e-05	1.52145599459086e-05	1.43976497115617e-05	1.36999471491706e-05	1.30952442159993e-05	3.82260613798202e-05	3.49546034605908e-05	3.24349333450380e-05	3.04103947436074e-05	2.87341252426243e-05	2.66814234556323e-05	2.45354894458094e-05	2.28430783724143e-05	-2.59204471321959e+00	1.06645095212758e+02	0.00000000000000e+00	1
72	65	71	34	5.00000758251703e-02	0.00000000000000e+00	0.00000000000000e+00	0.00000000000000e+00	-7.58251703318541e+00	4.98024568349464e-05	4.27583576015911e-05	2.14626339143376e-05	2.03080061909056e-05	1.93232378308261e-05	1.84701370126161e-05	1.73801250460404e-05	1.61891793446500e-05	1.52145599345843e-05	1.43976496820297e-05	1.36999471488375e-05	1.30952443269106e-05	3.82260613986940e-05	3.49546035774972e-05	3.24349333648000e-05	3.04103945640843e-05	2.87341250054807e-05	2.66814234668455e-05	2.45354895442862e-05	2.28430784188216e-05	-1.25381511123201e+01	9.50707443738199e+01	0.00000000000000e+00	1
72	65	71	35	5.00000349571949e-02	0.00000000000000e+00	0.00000000000000e+00	0.00000000000000e+00	-3.49571948548960e+00	4.98024568460487e-05	4.27583576125823e-05	2.14626339137824e-05	2.03080061886851e-05	1.93232378223884e-05	1.84701370182783e-05	1.73801250483718e-05	1.61891793407642e-05	1.52145599336961e-05	1.43976496871367e-05	1.36999471509469e-05	1.30952443453403e-05	3.82260613979168e-05	3.49546035885995e-05	3.24349333632457e-05	3.04103945423240e-05	2.87341249814999e-05	2.66814234708423e-05	2.45354895560546e-05	2.28430784222633e-05	-2.92808928412731e+01	1.02357787657771e+02	0.00000000000000e+00	1
72	65	71	36	5.00000229915412e-02	0.00000000000000e+00	0.00000000000000e+00	0.00000000000000e+00	-2.29915412424593e+00	4.98024568491573e-05	4.27583576108059e-05	2.14626339130053e-05	2.03080061901284e-05	1.93232378221664e-05	1.84701370162799e-05	1.73801250468175e-05	1.61891793364344e-05	1.52145599333631e-05	1.43976496874698e-05	1.36999471516130e-05	1.30952443475607e-05	3.82260613998042e-05	3.49546035919301e-05	3.24349333622465e-05	3.04103945367729e-05	2.87341249747275e-05	2.66814234720636e-05	2.45354895609395e-05	2.28430784254829e-05	-4.34752356435346e+01	9.99562673323961e+01	0.00000000000000e+00	1
72	65	71	37	5.00000198082439e-02	0.00000000000000e+00	0.00000000000000e+00	0.00000000000000e+00	-1.98082439436372e+00	4.98024568521549e-05	4.27583576123602e-05	2.14626339112289e-05	2.03080061879080e-05	1.93232378195018e-05	1.84701370173901e-05	1.73801250453742e-05	1.61891793341029e-05	1.52145599315867e-05	1.43976496848053e-05	1.36999471518351e-05	1.30952443467836e-05	3.82260614009144e-05	3.49546035895987e-05	3.24349333618024e-05	3.04103945343304e-05	2.87341249702866e-05	2.66814234716195e-05	2.45354895599403e-05	2.28430784223743e-05	-5.14104604435374e+01	1.01835094172030e+02	0.00000000000000e+00	1
72	65	71	38	5.00000204055419e-02	0.00000000000000e+00	0.00000000000000e+00	0.00000000000000e+00	-2.04055419071121e+00	4.98024568520439e-05	4.27583576120272e-05	2.14626339101187e-05	2.03080061873528e-05	1.93232378209451e-05	1.84701370181672e-05	1.73801250467065e-05	1.61891793355462e-05	1.52145599277009e-05	1.43976496829179e-05	1.36999471509469e-05	1.30952443483379e-05	3.82260614001373e-05	3.49546035897097e-05	3.24349333614693e-05	3.04103945318879e-05	2.87341249717299e-05	2.66814234720636e-05	2.45354895583860e-05	2.28430784188216e-05	-5.17471069788644e+01	1.05592776002903e+02	0.00000000000000e+00	1
72	65	71	39	5.00000221428966e-02	0.00000000000000e+00	0.00000000000000e+00	0.00000000000000e+00	-2.21428966242743e+00	4.98024568532651e-05	4.27583576142476e-05	2.14626339110069e-05	2.03080061886851e-05	1.93232378208341e-05	1.84701370197216e-05	1.73801250459293e-05	1.61891793313274e-05	1.52145599253695e-05	1.43976496803644e-05	1.36999471509469e-05	1.30952443456733e-05	3.82260613994712e-05	3.49546035891546e-05	3.24349333611362e-05	3.04103945318879e-05	2.87341249733952e-05	2.66814234727297e-05	2.45354895588301e-05	2.28430784142697e-05	-4.51422648093127e+01	9.99580503058225e+01	0.00000000000000e+00	1
72	65	71	40	5.00000235897097e-02	0.00000000000000e+00	0.00000000000000e+00	0.00000000000000e+00	-2.35897097353367e+00	4.98024568543753e-05	4.27583576140256e-05	2.14626339121171e-05	2.03080061891292e-05	1.93232378213892e-05	1.84701370232743e-05	1.73801250470396e-05	1.61891793319935e-05	1.52145599244813e-05	1.43976496794762e-05	1.36999471513910e-05	1.30952443467836e-05	3.82260614004704e-05	3.49546035915971e-05	3.24349333629126e-05	3.04103945331091e-05	2.87341249765038e-05	2.66814234723967e-05	2.45354895551664e-05	2.28430784123823e-05	-4.33797529268490e+01	1.02331577993499e+02	0.00000000000000e+00	1
72	65	71	41	5.00000300904594e-02	0.00000000000000e+00	0.00000000000000e+00	0.00000000000000e+00	3.00904593870989e+00	4.98024568625910e-05	4.27583576143586e-05	2.14626339023472e-05	2.03080061819128e-05	1.93232378080666e-05	1.84701370162799e-05	1.73801250447081e-05	1.61891793222235e-05	1.52145599249254e-05	1.43976496799203e-05	1.36999471522792e-05	1.30952443606613e-05	3.82260613994712e-05	3.49546036000348e-05	3.24349333599150e-05	3.04103945047984e-05	2.87341249304296e-05	2.66814234668455e-05	2.45354895671568e-05	2.28430784245948e-05	3.53322446610712e+01	1.06316347302901e+02	0.00000000000000e+00	1
72	65	71	42	5.00000494749942e-02	0.00000000000000e+00	0.00000000000000e+00	0.00000000000000e+00	4.94749941711289e+00	4.98024568709177e-05	4.27583576195767e-05	2.14626338995716e-05	2.03080061829120e-05	1.93232378079555e-05	1.84701370181672e-05	1.73801250468175e-05	1.61891793160063e-05	1.52145599132680e-05	1.43976496760345e-05	1.36999471502808e-05	1.30952443657684e-05	3.82260614033569e-05	3.49546035992576e-05	3.24349333581386e-05	3.04103944914758e-05	2.87341249181061e-05	2.66814234622936e-05	2.45354895717087e-05	2.28430784218192e-05	1.93010072804574e+01	9.54917222697549e+01	0.00000000000000e+00	1
72	65	71	43	5.00002913357339e-02	0.00000000000000e+00	0.00000000000000e+00	0.00000000000000e+00	2.91335733874807e+01	4.98024569693944e-05	4.27583576430024e-05	2.14626338882473e-05	2.03080061635941e-05	1.93232377942998e-05	1.84701370542495e-05	1.73801250579197e-05	1.61891792801461e-05	1.52145599076059e-05	1.43976496588261e-05	1.36999471754828e-05	1.30952444474808e-05	3.82260614322227e-05	3.49546036931825e-05	3.24349333605811e-05	3.04103943992162e-05	2.87341248019768e-05	2.66814234733959e-05	2.45354896144523e-05	2.28430784480205e-05	3.25589158942451e+00	9.48557565621803e+01	0.00000000000000e+00	1
72	65	71	44	5.00000847973552e-02	0.00000000000000e+00	0.00000000000000e+00	0.00000000000000e+00	-8.47973551637399e+00	4.98024568321709e-05	4.27583575988155e-05	2.14626339103408e-05	2.03080061906835e-05	1.93232378278285e-05	1.84701370107287e-05	1.73801250417105e-05	1.61891793438729e-05	1.52145599348064e-05	1.43976496864706e-05	1.36999471390675e-05	1.30952443275767e-05	3.82260613935870e-05	3.49546035739445e-05	3.24349333542528e-05	3.04103945566458e-05	2.87341249993744e-05	2.66814234662904e-05	2.45354895472838e-05	2.28430784197098e-05	-1.21287269793815e+01	1.02848396935465e+02	0.00000000000000e+00	1
72	65	71	45	5.00000449643411e-02	0.00000000000000e+00	0.00000000000000e+00	0.00000000000000e+00	-4.49643411343468e+00	4.98024568452715e-05	4.27583576112500e-05	2.14626339092305e-05	2.03080061889072e-05	1.93232378200570e-05	1.84701370156137e-05	1.73801250447081e-05	1.61891793343250e-05	1.52145599315867e-05	1.43976496858045e-05	1.36999471486154e-05	1.30952443422316e-05	3.82260613985830e-05	3.49546035857129e-05	3.24349333618024e-05	3.04103945401035e-05	2.87341249831652e-05	2.66814234669566e-05	2.45354895545002e-05	2.28430784180444e-05	-2.29533724235129e+01	1.03208326783454e+02	0.00000000000000e+00	1
72	65	71	46	5.00000363830304e-02	0.00000000000000e+00	0.00000000000000e+00	0.00000000000000e+00	-3.63830303793139e+00	4.98024568482691e-05	4.27583576130264e-05	2.14626339097856e-05	2.03080061882410e-05	1.93232378201680e-05	1.84701370185003e-05	1.73801250450412e-05	1.61891793325486e-05	1.52145599275899e-05	1.43976496798093e-05	1.36999471510579e-05	1.30952443451182e-05	3.82260613972507e-05	3.49546035878223e-05	3.24349333605811e-05	3.04103945364398e-05	2.87341249752826e-05	2.66814234692880e-05	2.45354895579419e-05	2.28430784185996e-05	-2.78423923293674e+01	1.01299060595215e+02	0.00000000000000e+00	1
72	65	71	47	5.00000338639616e-02	0.00000000000000e+00	0.00000000000000e+00	0.00000000000000e+00	-3.38639615887163e+00	4.98024568512667e-05	4.27583576135815e-05	2.14626339092305e-05	2.03080061853544e-05	1.93232378207231e-05	1.84701370178342e-05	1.73801250442640e-05	1.61891793294400e-05	1.52145599235931e-05	1.43976496783660e-05	1.36999471475052e-05	1.30952443444521e-05	3.82260613971397e-05	3.49546035869341e-05	3.24349333571394e-05	3.04103945309997e-05	2.87341249745054e-05	2.66814234720636e-05	2.45354895552774e-05	2.28430784133815e-05	-3.12916415432497e+01	1.05965894726849e+02	0.00000000000000e+00	1
72	65	71	48	5.00000331780414e-02	0.00000000000000e+00	0.00000000000000e+00	0.00000000000000e+00	-3.31780413612306e+00	4.98024568474920e-05	4.27583576114721e-05	2.14626339045676e-05	2.03080061852434e-05	1.93232378186137e-05	1.84701370183893e-05	1.73801250452632e-05	1.61891793295510e-05	1.52145599212616e-05	1.43976496751463e-05	1.36999471467281e-05	1.30952443418986e-05	3.82260613932539e-05	3.49546035860460e-05	3.24349333574725e-05	3.04103945309997e-05	2.87341249713968e-05	2.66814234697321e-05	2.45354895541672e-05	2.28430784110500e-05	-2.85636194390111e+01	9.47684947173959e+01	0.00000000000000e+00	1
72	65	71	49	5.00000114729029e-02	0.00000000000000e+00	0.00000000000000e+00	0.00000000000000e+00	1.14729028634925e+00	4.98024568598154e-05	4.27583576164681e-05	2.14626339080093e-05	2.03080061845773e-05	1.93232378150610e-05	1.84701370175011e-05	1.73801250503702e-05	1.61891793276636e-05	1.52145599319198e-05	1.43976496850273e-05	1.36999471529453e-05	1.30952443574417e-05	3.82260614024688e-05	3.49546035971482e-05	3.24349333622465e-05	3.04103945191203e-05	2.87341249497475e-05	2.66814234671786e-05	2.45354895666017e-05	2.28430784279254e-05	8.77715482836320e+01	1.00699444763645e+02	0.00000000000000e+00	1
72	65	71	50	5.00000157954813e-02	0.00000000000000e+00	0.00000000000000e+00	0.00000000000000e+00	1.57954813379772e+00	4.98024568608146e-05	4.27583576153578e-05	2.14626339057888e-05	2.03080061813576e-05	1.93232378106201e-05	1.84701370173901e-05	1.73801250447081e-05	1.61891793245550e-05	1.52145599270348e-05	1.43976496830289e-05	1.36999471498367e-05	1.30952443572196e-05	3.82260614005814e-05	3.49546035989245e-05	3.24349333612473e-05	3.04103945159007e-05	2.87341249463058e-05	2.66814234646251e-05	2.45354895640482e-05	2.28430784264821e-05	5.78309176607873e+01	9.13467180669061e+01	0.00000000000000e+00	1
72	65	71	51	5.00000281025102e-02	0.00000000000000e+00	0.00000000000000e+00	0.00000000000000e+00	2.81025101792779e+00	4.98024568623689e-05	4.27583576132484e-05	2.14626339063440e-05	2.03080061840222e-05	1.93232378092878e-05	1.84701370181672e-05	1.73801250443750e-05	1.61891793265534e-05	1.52145599217057e-05	1.43976496812526e-05	1.36999471487265e-05	1.30952443618826e-05	3.82260613983609e-05	3.49546036001458e-05	3.24349333616913e-05	3.04103945104606e-05	2.87341249383122e-05	2.66814234648471e-05	2.45354895634931e-05	2.28430784231515e-05	3.53516050410964e+01	9.93468840521222e+01	0.00000000000000e+00	1
72	65	71	52	5.00000737293894e-02	0.00000000000000e+00	0.00000000000000e+00	0.00000000000000e+00	7.37293894013104e+00	4.98024568712507e-05	4.27583576240176e-05	2.14626339047896e-05	2.03080061850214e-05	1.93232378078445e-05	1.84701370180562e-05	1.73801250468175e-05	1.61891793152291e-05	1.52145599100484e-05	1.43976496770337e-05	1.36999471548327e-05	1.30952443727628e-05	3.82260614024688e-05	3.49546036081394e-05	3.24349333660212e-05	3.04103944925860e-05	2.87341249257667e-05	2.66814234702872e-05	2.45354895697103e-05	2.28430784213751e-05	1.26745509503277e+01	9.34486902503459e+01	0.00000000000000e+00	1
72	65	71	53	5.00006171035065e-02	0.00000000000000e+00	0.00000000000000e+00	0.00000000000000e+00	-6.17103506508370e+01	4.98024567325839e-05	4.27583575812740e-05	2.14626339014590e-05	2.03080061916827e-05	1.93232378710162e-05	1.84701369797535e-05	1.73801249850891e-05	1.61891793541979e-05	1.52145600046394e-05	1.43976496970177e-05	1.36999471267440e-05	1.30952442173315e-05	3.82260613627228e-05	3.49546034853487e-05	3.24349333428176e-05	3.04103947381673e-05	2.87341251704598e-05	2.66814234385349e-05	2.45354894123917e-05	2.28430784315892e-05	-1.44454379169057e+00	8.91433039157150e+01	0.00000000000000e+00	1
72	65	71	54	5.00000894585790e-02	0.00000000000000e+00	0.00000000000000e+00	0.00000000000000e+00	-8.94585789629023e+00	4.98024568437172e-05	4.27583576113610e-05	2.14626339093416e-05	2.03080061930150e-05	1.93232378186137e-05	1.84701370152807e-05	1.73801250450412e-05	1.61891793311053e-05	1.52145599251474e-05	1.43976496845832e-05	1.36999471449517e-05	1.30952443332388e-05	3.82260613975838e-05	3.49546035786075e-05	3.24349333591378e-05	3.04103945477641e-05	2.87341249870510e-05	2.66814234676227e-05	2.45354895481720e-05	2.28430784203759e-05	-1.05824488302507e+01	9.46690834301858e+01	0.00000000000000e+00	1
72	65	71	55	5.00000600007754e-02	0.00000000000000e+00	0.00000000000000e+00	0.00000000000000e+00	-6.00007753539729e+00	4.98024568458266e-05	4.27583576153578e-05	2.14626339064550e-05	2.03080061875749e-05	1.93232378182806e-05	1.84701370188334e-05	1.73801250455963e-05	1.61891793299951e-05	1.52145599218168e-05	1.43976496791431e-05	1.36999471458399e-05	1.30952443434529e-05	3.82260613965846e-05	3.49546035808279e-05	3.24349333593599e-05	3.04103945326650e-05	2.87341249756157e-05	2.66814234682888e-05	2.45354895522798e-05	2.28430784150468e-05	-1.66388167470623e+01	9.98341905796407e+01	0.00000000000000e+00	1
72	65	71	56	5.00000514716492e-02	0.00000000000000e+00	0.00000000000000e+00	0.00000000000000e+00	-5.14716491739544e+00	4.98024568496014e-05	4.27583576171342e-05	2.14626339007928e-05	2.03080061852434e-05	1.93232378171704e-05	1.84701370181672e-05	1.73801250445971e-05	1.61891793244440e-05	1.52145599172648e-05	1.43976496760345e-05	1.36999471438415e-05	1.30952443404553e-05	3.82260613926988e-05	3.49546035829373e-05	3.24349333582497e-05	3.04103945286682e-05	2.87341249691764e-05	2.66814234706203e-05	2.45354895530570e-05	2.28430784110500e-05	-2.08526417956682e+01	1.07331986285677e+02	0.00000000000000e+00	1
72	65	71	57	5.00000049951625e-02	0.00000000000000e+00	0.00000000000000e+00	0.00000000000000e+00	4.99516248524489e-01	4.98024568582611e-05	4.27583576159130e-05	2.14626339066770e-05	2.03080061823568e-05	1.93232378116193e-05	1.84701370125051e-05	1.73801250470396e-05	1.61891793292179e-05	1.52145599324749e-05	1.43976496878029e-05	1.36999471501698e-05	1.30952443555543e-05	3.82260613995822e-05	3.49546035951498e-05	3.24349333578056e-05	3.04103945231171e-05	2.87341249498585e-05	2.66814234646251e-05	2.45354895634931e-05	2.28430784313671e-05	2.08968609581325e+02	1.04383215917442e+02	0.00000000000000e+00	1
72	65	71	58	5.00000078721644e-02	0.00000000000000e+00	0.00000000000000e+00	0.00000000000000e+00	7.87216441402930e-01	4.98024568578170e-05	4.27583576173562e-05	2.14626339066770e-05	2.03080061844663e-05	1.93232378119523e-05	1.84701370127272e-05	1.73801250465955e-05	1.61891793291069e-05	1.52145599299214e-05	1.43976496863596e-05	1.36999471499477e-05	1.30952443564425e-05	3.82260614003593e-05	3.49546035962600e-05	3.24349333594709e-05	3.04103945201195e-05	2.87341249496365e-05	2.66814234651802e-05	2.45354895637151e-05	2.28430784289246e-05	1.31285302227838e+02	1.03349948428307e+02	0.00000000000000e+00	1
72	65	71	59	5.00000145600737e-02	0.00000000000000e+00	0.00000000000000e+00	0.00000000000000e+00	1.45600737036760e+00	4.98024568611477e-05	4.27583576158019e-05	2.14626339067880e-05	2.03080061836891e-05	1.93232378139507e-05	1.84701370166129e-05	1.73801250468175e-05	1.61891793278857e-05	1.52145599271458e-05	1.43976496849163e-05	1.36999471503918e-05	1.30952443585519e-05	3.82260614000263e-05	3.49546035971482e-05	3.24349333596929e-05	3.04103945192313e-05	2.87341249501916e-05	2.66814234661794e-05	2.45354895632710e-05	2.28430784267042e-05	7.10760471940085e+01	1.03487248571072e+02	0.00000000000000e+00	1
72	65	71	60	5.00000286283457e-02	0.00000000000000e+00	0.00000000000000e+00	0.00000000000000e+00	2.86283457257130e+00	4.98024568593713e-05	4.27583576170232e-05	2.14626339072321e-05	2.03080061825789e-05	1.93232378095098e-05	1.84701370167240e-05	1.73801250430428e-05	1.61891793272195e-05	1.52145599195963e-05	1.43976496772558e-05	1.36999471525012e-05	1.30952443586629e-05	3.82260614008034e-05	3.49546035980364e-05	3.24349333602481e-05	3.04103945145684e-05	2.87341249469719e-05	2.66814234669566e-05	2.45354895639371e-05	2.28430784189326e-05	3.44889198464271e+01	9.87360721069918e+01	0.00000000000000e+00	1
72	65	71	61	5.00000707453609e-02	0.00000000000000e+00	0.00000000000000e+00	0.00000000000000e+00	7.07453609245668e+00	4.98024568701405e-05	4.27583576210200e-05	2.14626339092305e-05	2.03080061877969e-05	1.93232378155050e-05	1.84701370224971e-05	1.73801250495931e-05	1.61891793285518e-05	1.52145599193743e-05	1.43976496781439e-05	1.36999471563870e-05	1.30952443712085e-05	3.82260614083529e-05	3.49546036072512e-05	3.24349333662433e-05	3.04103945069079e-05	2.87341249401996e-05	2.66814234762824e-05	2.45354895725969e-05	2.28430784134925e-05	1.45366336687780e+01	1.02839939552591e+02	0.00000000000000e+00	1
72	65	71	62	5.00009136899984e-02	0.00000000000000e+00	0.00000000000000e+00	0.00000000000000e+00	9.13689998378309e+01	4.98024569519639e-05	4.27583575862700e-05	2.14626339577473e-05	2.03080061694783e-05	1.93232377818653e-05	1.84701370516960e-05	1.73801250762384e-05	1.61891793133417e-05	1.52145598752984e-05	1.43976496270737e-05	1.36999472397648e-05	1.30952444984400e-05	3.82260614415486e-05	3.49546036773063e-05	3.24349333856722e-05	3.04103943545853e-05	2.87341247909856e-05	2.66814234859414e-05	2.45354896242223e-05	2.28430783641986e-05	1.11112048155885e+00	1.01521967099361e+02	0.00000000000000e+00	1
72	65	71	63	5.00001477349834e-02	0.00000000000000e+00	0.00000000000000e+00	0.00000000000000e+00	-1.47734983378713e+01	4.98024568419408e-05	4.27583576251278e-05	2.14626338976842e-05	2.03080061901284e-05	1.93232378125074e-05	1.84701370077311e-05	1.73801250377137e-05	1.61891793262203e-05	1.52145599081610e-05	1.43976496798093e-05	1.36999471306298e-05	1.30952443336829e-05	3.82260613915886e-05	3.49546035667281e-05	3.24349333491458e-05	3.04103945305556e-05	2.87341249727291e-05	2.66814234656243e-05	2.45354895347383e-05	2.28430784087186e-05	-6.43042257642041e+00	9.49998372445567e+01	0.00000000000000e+00	1
72	65	71	64	5.00000913514514e-02	0.00000000000000e+00	0.00000000000000e+00	0.00000000000000e+00	-9.13514514085099e+00	4.98024568456046e-05	4.27583576148027e-05	2.14626338916890e-05	2.03080061755845e-05	1.93232378085106e-05	1.84701369999596e-05	1.73801250434868e-05	1.61891793146740e-05	1.52145599049414e-05	1.43976496710385e-05	1.36999471337385e-05	1.30952443286869e-05	3.82260613874807e-05	3.49546035738335e-05	3.24349333530316e-05	3.04103945213408e-05	2.87341249586293e-05	2.66814234680668e-05	2.45354895411776e-05	2.28430784049438e-05	-9.60224354115019e+00	8.77178884262060e+01	0.00000000000000e+00	1
72	65	71	66	5.00000050097218e-02	0.00000000000000e+00	0.00000000000000e+00	0.00000000000000e+00	5.00972183910869e-01	4.98024568564848e-05	4.27583576155799e-05	2.14626339061219e-05	2.03080061841332e-05	1.93232378117303e-05	1.84701370120610e-05	1.73801250472616e-05	1.61891793276636e-05	1.52145599312536e-05	1.43976496874698e-05	1.36999471498367e-05	1.30952443535559e-05	3.82260613988050e-05	3.49546035935955e-05	3.24349333579166e-05	3.04103945228951e-05	2.87341249516349e-05	2.66814234624047e-05	2.45354895633820e-05	2.28430784299238e-05	2.02130055297527e+02	1.01261535236427e+02	0.00000000000000e+00	1
72	65	71	67	5.00000105969922e-02	0.00000000000000e+00	0.00000000000000e+00	0.00000000000000e+00	1.05969922453571e+00	4.98024568580391e-05	4.27583576189106e-05	2.14626339061219e-05	2.03080061852434e-05	1.93232378141728e-05	1.84701370155027e-05	1.73801250478167e-05	1.61891793278857e-05	1.52145599292552e-05	1.43976496835840e-05	1.36999471520571e-05	1.30952443561094e-05	3.82260613999152e-05	3.49546035959269e-05	3.24349333582497e-05	3.04103945214518e-05	2.87341249527451e-05	2.66814234688439e-05	2.45354895641592e-05	2.28430784263711e-05	9.79670462374707e+01	1.03815602927902e+02	0.00000000000000e+00	1
72	65	71	68	5.00000198342841e-02	0.00000000000000e+00	0.00000000000000e+00	0.00000000000000e+00	1.98342840574512e+00	4.98024568578170e-05	4.27583576163570e-05	2.14626339087864e-05	2.03080061847993e-05	1.93232378119523e-05	1.84701370179452e-05	1.73801250478167e-05	1.61891793294400e-05	1.52145599257025e-05	1.43976496813636e-05	1.36999471520571e-05	1.30952443591070e-05	3.82260614033569e-05	3.49546035964821e-05	3.24349333583607e-05	3.04103945190093e-05	2.87341249515238e-05	2.66814234692880e-05	2.45354895638261e-05	2.28430784213751e-05	4.64260385316033e+01	9.20827235897994e+01	0.00000000000000e+00	1
72	65	71	69	5.00000399072972e-02	0.00000000000000e+00	0.00000000000000e+00	0.00000000000000e+00	3.99072972106551e+00	4.98024568590383e-05	4.27583576116941e-05	2.14626339033464e-05	2.03080061805805e-05	1.93232378118413e-05	1.84701370181672e-05	1.73801250428207e-05	1.61891793261093e-05	1.52145599241482e-05	1.43976496816967e-05	1.36999471511690e-05	1.30952443634369e-05	3.82260614010255e-05	3.49546035930404e-05	3.24349333564733e-05	3.04103945145684e-05	2.87341249463058e-05	2.66814234700652e-05	2.45354895623828e-05	2.28430784168232e-05	2.53062019371914e+01	1.00990212198036e+02	0.00000000000000e+00	1
72	65	71	70	5.00001058546823e-02	0.00000000000000e+00	0.00000000000000e+00	0.00000000000000e+00	1.05854682283949e+01	4.98024568627020e-05	4.27583576148027e-05	2.14626339031243e-05	2.03080061826899e-05	1.93232378095098e-05	1.84701370263829e-05	1.73801250465955e-05	1.61891793314384e-05	1.52145599228160e-05	1.43976496783660e-05	1.36999471501698e-05	1.30952443678778e-05	3.82260614052443e-05	3.49546035960380e-05	3.24349333636897e-05	3.04103945156786e-05	2.87341249528561e-05	2.66814234755053e-05	2.45354895579419e-05	2.28430784064981e-05	9.48718185010666e+00	1.00426262051309e+02	0.00000000000000e+00	1
0
