0.000362
0.000378
0.000387
0.000323
0.000361
0.000421
0.000409
0.000390
0.000382
0.000429
0.000546
0.000813
0.000825
0.000571
0.000451
0.000399
0.000401
0.000442
0.000559
0.000788
0.000832
0.000588
0.000451
0.000391
0.000453
0.000413
0.000392
0.000320
0.000417
0.000437
0.000391
0.000360
0.002629
0.000494
0.000132
-0.000301
0.000022
0.000248
0.000304
0.000312
-0.000018
0.000010
0.000952
-0.000812
-0.000282
0.000098
0.000224
0.000263
0.000051
0.000068
0.000134
0.000388
-0.002147
0.000012
0.000172
0.000221
0.000057
0.000064
0.000086
0.000129
0.000201
0.000725
0.000145
0.000190
0.000061
0.000073
0.000091
0.000115
0.000137
