0.000192
0.000200
0.000205
0.000170
0.000191
0.000223
0.000217
0.000207
0.000202
0.000228
0.000290
0.000432
0.000438
0.000304
0.000239
0.000211
0.000213
0.000235
0.000297
0.000420
0.000444
0.000312
0.000239
0.000207
0.000240
0.000219
0.000208
0.000169
0.000220
0.000232
0.000207
0.000190
0.001406
0.000262
0.000068
-0.000165
0.000009
0.000130
0.000160
0.000165
-0.000012
0.000003
0.000508
-0.000437
-0.000153
0.000050
0.000118
0.000138
0.000025
0.000034
0.000069
0.000205
-0.001152
0.000004
0.000090
0.000116
0.000028
0.000032
0.000044
0.000067
0.000105
0.000386
0.000075
0.000099
0.000031
0.000037
0.000047
0.000059
0.000071
