0.000213
0.000223
0.000228
0.000190
0.000213
0.000249
0.000242
0.000230
0.000225
0.000254
0.000323
0.000481
0.000488
0.000338
0.000267
0.000235
0.000237
0.000261
0.000331
0.000467
0.000494
0.000348
0.000266
0.000231
0.000268
0.000244
0.000231
0.000188
0.000246
0.000258
0.000231
0.000212
0.001565
0.000292
0.000076
-0.000183
0.000010
0.000145
0.000179
0.000184
-0.000013
0.000004
0.000565
-0.000486
-0.000170
0.000056
0.000131
0.000154
0.000028
0.000038
0.000078
0.000229
-0.001281
0.000005
0.000100
0.000129
0.000032
0.000036
0.000049
0.000075
0.000117
0.000430
0.000084
0.000111
0.000034
0.000041
0.000052
0.000066
0.000080
