0.000166
0.000174
0.000178
0.000148
0.000166
0.000194
0.000188
0.000179
0.000176
0.000198
0.000252
0.000375
0.000380
0.000264
0.000208
0.000183
0.000184
0.000204
0.000258
0.000364
0.000385
0.000271
0.000207
0.000180
0.000209
0.000190
0.000180
0.000147
0.000191
0.000201
0.000180
0.000165
0.001222
0.000228
0.000059
-0.000144
0.000007
0.000113
0.000139
0.000143
-0.000011
0.000003
0.000441
-0.000380
-0.000133
0.000043
0.000102
0.000120
0.000021
0.000029
0.000060
0.000178
-0.001001
0.000003
0.000078
0.000100
0.000024
0.000028
0.000038
0.000058
0.000091
0.000335
0.000065
0.000086
0.000026
0.000032
0.000040
0.000051
0.000062
