-0.638229
-0.767915
-0.987492
-1.137259
-1.278916
-0.952875
-0.848037
-0.778268
-0.644913
-0.709262
-1.242051
-2.384910
-2.377157
-1.299319
-0.941641
-0.668482
-0.461935
-0.659659
-1.087421
-2.163430
-2.181196
-1.131592
-0.734295
-0.645687
-0.305958
-0.417727
-0.652144
-0.815286
-0.975019
-0.784604
-0.674105
-0.523409
-0.025922
-0.125381
-0.292809
-0.434752
-0.514105
-0.517472
-0.451423
-0.433798
0.353324
0.193009
0.032558
-0.121288
-0.229534
-0.278424
-0.312918
-0.285635
0.877716
0.578307
0.353516
0.126744
-0.014443
-0.105823
-0.166388
-0.208528
2.089687
1.312854
0.710761
0.344889
0.145367
0.011112
-0.064303
-0.096020
2.021301
0.979671
0.464259
0.253062
0.094872
