0.000341
0.000356
0.000365
0.000305
0.000341
0.000398
0.000386
0.000368
0.000360
0.000405
0.000515
0.000767
0.000778
0.000539
0.000426
0.000376
0.000378
0.000417
0.000528
0.000744
0.000786
0.000555
0.000425
0.000369
0.000427
0.000390
0.000370
0.000302
0.000393
0.000413
0.000369
0.000340
0.002483
0.000466
0.000124
-0.000285
0.000020
0.000234
0.000286
0.000295
-0.000018
0.000009
0.000899
-0.000767
-0.000267
0.000092
0.000211
0.000247
0.000047
0.000063
0.000126
0.000366
-0.002029
0.000010
0.000162
0.000208
0.000054
0.000060
0.000080
0.000121
0.000189
0.000684
0.000136
0.000179
0.000057
0.000069
0.000086
0.000108
0.000129
