0.000325
0.000339
0.000347
0.000290
0.000324
0.000378
0.000367
0.000350
0.000343
0.000385
0.000490
0.000730
0.000740
0.000513
0.000405
0.000358
0.000360
0.000397
0.000502
0.000708
0.000748
0.000528
0.000404
0.000351
0.000406
0.000371
0.000351
0.000287
0.000374
0.000393
0.000351
0.000323
0.002364
0.000443
0.000117
-0.000272
0.000019
0.000222
0.000272
0.000280
-0.000017
0.000008
0.000856
-0.000731
-0.000255
0.000087
0.000200
0.000235
0.000045
0.000060
0.000119
0.000348
-0.001932
0.000010
0.000154
0.000198
0.000051
0.000057
0.000076
0.000115
0.000180
0.000651
0.000129
0.000170
0.000054
0.000065
0.000081
0.000102
0.000123
