0.000160
0.000167
0.000171
0.000142
0.000159
0.000186
0.000181
0.000173
0.000169
0.000190
0.000242
0.000361
0.000366
0.000254
0.000200
0.000176
0.000177
0.000196
0.000248
0.000350
0.000370
0.000261
0.000200
0.000173
0.000201
0.000183
0.000173
0.000141
0.000184
0.000193
0.000173
0.000159
0.001175
0.000219
0.000057
-0.000138
0.000007
0.000109
0.000134
0.000138
-0.000010
0.000002
0.000424
-0.000365
-0.000128
0.000042
0.000098
0.000115
0.000020
0.000028
0.000058
0.000171
-0.000963
0.000003
0.000075
0.000097
0.000023
0.000027
0.000036
0.000056
0.000088
0.000322
0.000063
0.000083
0.000025
0.000031
0.000039
0.000049
0.000059
