0.000203
0.000212
0.000217
0.000181
0.000203
0.000237
0.000230
0.000219
0.000215
0.000241
0.000308
0.000458
0.000465
0.000322
0.000254
0.000224
0.000225
0.000249
0.000315
0.000445
0.000470
0.000331
0.000253
0.000220
0.000255
0.000232
0.000220
0.000179
0.000234
0.000246
0.000220
0.000202
0.001490
0.000278
0.000072
-0.000174
0.000009
0.000138
0.000170
0.000175
-0.000013
0.000004
0.000538
-0.000463
-0.000162
0.000053
0.000125
0.000147
0.000026
0.000036
0.000074
0.000218
-0.001220
0.000004
0.000095
0.000123
0.000030
0.000034
0.000046
0.000071
0.000112
0.000409
0.000080
0.000105
0.000032
0.000039
0.000050
0.000063
0.000076
