0.000310
0.000324
0.000332
0.000277
0.000310
0.000362
0.000351
0.000335
0.000328
0.000368
0.000469
0.000699
0.000709
0.000491
0.000387
0.000342
0.000344
0.000380
0.000481
0.000677
0.000716
0.000505
0.000387
0.000336
0.000389
0.000355
0.000336
0.000275
0.000358
0.000376
0.000336
0.000309
0.002263
0.000424
0.000112
-0.000261
0.000017
0.000212
0.000260
0.000268
-0.000017
0.000008
0.000819
-0.000700
-0.000244
0.000083
0.000192
0.000225
0.000042
0.000057
0.000114
0.000333
-0.001850
0.000009
0.000147
0.000189
0.000048
0.000054
0.000073
0.000110
0.000172
0.000623
0.000124
0.000162
0.000052
0.000062
0.000078
0.000098
0.000117
