0.000230
0.000240
0.000246
0.000205
0.000230
0.000268
0.000261
0.000249
0.000243
0.000273
0.000349
0.000519
0.000526
0.000365
0.000288
0.000254
0.000255
0.000282
0.000357
0.000504
0.000532
0.000375
0.000287
0.000249
0.000289
0.000263
0.000249
0.000203
0.000265
0.000279
0.000249
0.000229
0.001686
0.000315
0.000082
-0.000197
0.000011
0.000157
0.000193
0.000198
-0.000014
0.000004
0.000609
-0.000523
-0.000183
0.000061
0.000141
0.000166
0.000030
0.000041
0.000084
0.000247
-0.001380
0.000005
0.000108
0.000140
0.000035
0.000039
0.000053
0.000081
0.000127
0.000463
0.000091
0.000120
0.000037
0.000045
0.000057
0.000071
0.000086
