0.000182
0.000190
0.000194
0.000162
0.000181
0.000212
0.000206
0.000196
0.000192
0.000216
0.000276
0.000410
0.000416
0.000289
0.000227
0.000201
0.000202
0.000223
0.000282
0.000398
0.000421
0.000297
0.000227
0.000197
0.000228
0.000208
0.000197
0.000160
0.000209
0.000220
0.000197
0.000181
0.001335
0.000249
0.000064
-0.000157
0.000008
0.000124
0.000152
0.000157
-0.000012
0.000003
0.000482
-0.000415
-0.000146
0.000048
0.000112
0.000131
0.000023
0.000032
0.000066
0.000195
-0.001094
0.000004
0.000085
0.000110
0.000027
0.000031
0.000041
0.000063
0.000100
0.000366
0.000071
0.000094
0.000029
0.000035
0.000044
0.000056
0.000068
