0.000266
0.000278
0.000284
0.000237
0.000265
0.000310
0.000301
0.000287
0.000281
0.000316
0.000402
0.000599
0.000608
0.000421
0.000332
0.000293
0.000295
0.000326
0.000412
0.000581
0.000614
0.000433
0.000332
0.000288
0.000333
0.000304
0.000288
0.000235
0.000306
0.000322
0.000288
0.000265
0.001945
0.000364
0.000095
-0.000226
0.000014
0.000182
0.000223
0.000229
-0.000015
0.000006
0.000703
-0.000602
-0.000211
0.000071
0.000164
0.000192
0.000036
0.000048
0.000097
0.000285
-0.001591
0.000007
0.000126
0.000162
0.000041
0.000046
0.000062
0.000094
0.000147
0.000535
0.000105
0.000139
0.000043
0.000052
0.000066
0.000083
0.000100
