0.000221
0.000231
0.000237
0.000197
0.000221
0.000258
0.000251
0.000239
0.000234
0.000263
0.000335
0.000499
0.000506
0.000351
0.000277
0.000244
0.000246
0.000271
0.000343
0.000484
0.000512
0.000361
0.000276
0.000239
0.000278
0.000253
0.000240
0.000195
0.000255
0.000268
0.000239
0.000220
0.001622
0.000303
0.000079
-0.000189
0.000011
0.000151
0.000185
0.000191
-0.000014
0.000004
0.000586
-0.000503
-0.000176
0.000058
0.000136
0.000160
0.000029
0.000040
0.000080
0.000237
-0.001328
0.000005
0.000104
0.000134
0.000033
0.000038
0.000051
0.000078
0.000122
0.000445
0.000087
0.000115
0.000036
0.000043
0.000054
0.000069
0.000083
