0.000426
0.000444
0.000455
0.000381
0.000425
0.000496
0.000481
0.000459
0.000449
0.000504
0.000641
0.000955
0.000969
0.000671
0.000530
0.000469
0.000472
0.000520
0.000657
0.000925
0.000977
0.000690
0.000530
0.000460
0.000532
0.000486
0.000461
0.000377
0.000491
0.000514
0.000460
0.000424
0.003081
0.000580
0.000156
-0.000349
0.000028
0.000293
0.000358
0.000368
-0.000020
0.000014
0.001118
-0.000949
-0.000329
0.000117
0.000264
0.000310
0.000061
0.000081
0.000159
0.000456
-0.002513
0.000016
0.000204
0.000261
0.000069
0.000077
0.000102
0.000153
0.000237
0.000851
0.000172
0.000224
0.000074
0.000088
0.000109
0.000136
0.000163
