0.000388
0.000405
0.000415
0.000347
0.000388
0.000452
0.000439
0.000419
0.000410
0.000460
0.000585
0.000872
0.000885
0.000613
0.000484
0.000428
0.000430
0.000474
0.000600
0.000845
0.000892
0.000630
0.000483
0.000420
0.000486
0.000443
0.000420
0.000344
0.000448
0.000469
0.000420
0.000386
0.002817
0.000530
0.000142
-0.000321
0.000025
0.000267
0.000326
0.000336
-0.000019
0.000012
0.001021
-0.000869
-0.000302
0.000106
0.000241
0.000282
0.000055
0.000073
0.000144
0.000416
-0.002299
0.000013
0.000185
0.000237
0.000062
0.000070
0.000093
0.000139
0.000216
0.000777
0.000156
0.000204
0.000066
0.000079
0.000099
0.000123
0.000148
