0.000283
0.000295
0.000303
0.000252
0.000282
0.000330
0.000320
0.000305
0.000299
0.000336
0.000428
0.000637
0.000646
0.000448
0.000353
0.000312
0.000314
0.000346
0.000438
0.000618
0.000653
0.000461
0.000353
0.000306
0.000354
0.000323
0.000306
0.000250
0.000326
0.000342
0.000306
0.000281
0.002066
0.000387
0.000102
-0.000239
0.000015
0.000193
0.000237
0.000244
-0.000016
0.000006
0.000747
-0.000640
-0.000223
0.000075
0.000174
0.000205
0.000038
0.000052
0.000104
0.000303
-0.001690
0.000007
0.000134
0.000172
0.000043
0.000049
0.000066
0.000100
0.000156
0.000568
0.000112
0.000148
0.000046
0.000056
0.000070
0.000088
0.000106
