0.000252
0.000263
0.000270
0.000225
0.000251
0.000294
0.000285
0.000272
0.000266
0.000299
0.000382
0.000568
0.000576
0.000399
0.000315
0.000278
0.000280
0.000309
0.000391
0.000551
0.000582
0.000411
0.000314
0.000273
0.000316
0.000288
0.000273
0.000223
0.000290
0.000305
0.000273
0.000251
0.001845
0.000345
0.000090
-0.000214
0.000013
0.000172
0.000211
0.000217
-0.000015
0.000005
0.000667
-0.000572
-0.000200
0.000067
0.000155
0.000182
0.000034
0.000046
0.000092
0.000270
-0.001509
0.000006
0.000119
0.000153
0.000038
0.000043
0.000058
0.000089
0.000139
0.000507
0.000100
0.000131
0.000041
0.000049
0.000062
0.000078
0.000094
