0.000030
0.000042
0.000537
0.001113
0.001104
0.001091
0.000034
0.000044
0.000121
0.005291
0.001461
0.001281
0.001144
0.000046
0.000065
0.000169
0.001033
0.001411
0.001183
0.001099
0.000056
0.000071
0.000106
-0.006475
0.001017
0.000968
0.000969
0.000060
0.000068
0.000100
-0.000136
0.000558
0.000773
0.000946
0.000060
0.000064
0.000074
0.000083
-0.001899
0.002512
0.002615
0.000058
0.000060
0.000063
0.000051
-0.000029
-0.000198
-0.000383
0.000055
0.000055
0.000054
0.000045
0.000018
-0.000024
-0.000066
0.000051
0.000049
0.000043
0.000031
0.000015
0.001084
0.001129
0.001152
0.000037
0.000041
0.000030
0.001155
0.001254
0.001452
0.000876
0.000137
0.000042
0.000033
0.001111
0.001241
0.001398
0.004820
0.000154
0.000066
0.000046
0.000976
0.000957
0.000982
0.000930
0.000112
0.000072
0.000056
0.000943
0.000771
0.000559
0.000081
0.000100
0.000069
0.000060
0.002592
0.002558
-0.001712
0.000083
0.000074
0.000064
0.000060
-0.000381
-0.000196
-0.000028
0.000051
0.000063
0.000061
0.000058
-0.000065
-0.000023
0.000019
0.000045
0.000055
0.000056
0.000055
0.000016
0.000032
0.000043
0.000049
0.000052
0.000044
0.000052
0.000075
0.000633
0.001119
0.001055
0.001009
0.000034
0.000049
0.000144
0.003733
0.001403
0.001166
0.001016
0.000040
0.000128
0.000955
0.001300
0.001035
0.000928
0.000032
0.000039
0.000065
-0.001126
0.000780
0.000735
0.000753
0.000035
0.000037
0.000054
-0.000076
0.000293
0.000487
0.000695
0.000034
0.000033
0.000037
0.000075
-0.000089
-0.001460
-0.002461
0.000033
0.000034
0.000038
0.000045
0.000033
-0.000008
-0.000058
0.000034
0.000035
0.000037
0.000039
0.000036
0.000027
0.000016
0.000035
0.000036
0.000037
0.000037
0.000034
0.001005
0.001069
0.001138
-0.000390
0.000074
0.000051
0.000044
0.001023
0.001145
0.001390
0.001016
0.000160
0.000048
0.000034
0.000935
0.001078
0.001302
0.008555
0.000114
0.000041
0.000756
0.000727
0.000730
0.000760
0.000069
0.000040
0.000032
0.000692
0.000486
0.000297
0.000086
0.000054
0.000037
0.000035
-0.002514
-0.001426
-0.000088
0.000076
0.000037
0.000033
0.000034
-0.000058
-0.000008
0.000033
0.000045
0.000038
0.000034
0.000033
0.000016
0.000027
0.000036
0.000039
0.000037
0.000035
0.000034
0.000035
0.000037
0.000037
0.000036
0.000035
0.000101
0.000122
0.000164
0.001040
0.000997
0.000914
0.000850
0.000081
0.000118
0.000284
0.002272
0.001288
0.000980
0.000824
0.000052
0.000077
0.000197
0.001165
0.001108
0.000822
0.000707
0.000032
0.000039
0.000064
-0.002108
0.000538
0.000492
0.000517
0.000027
0.000037
-0.000005
0.000128
0.000240
0.000423
0.000026
0.000025
0.000022
0.000064
0.000119
-0.000017
-0.000196
0.000026
0.000025
0.000027
0.000037
0.000047
0.000044
0.000031
0.000026
0.000026
0.000028
0.000033
0.000038
0.000040
0.000039
0.000027
0.000029
0.000032
0.000035
0.000037
