0.000060
0.000084
0.001009
0.002082
0.002063
0.002039
0.000067
0.000086
0.000231
0.009841
0.002728
0.002392
0.002136
0.000089
0.000124
0.000322
0.001940
0.002635
0.002210
0.002053
0.000108
0.000137
0.000204
-0.012008
0.001904
0.001809
0.001811
0.000116
0.000132
0.000192
-0.000234
0.001049
0.001444
0.001766
0.000115
0.000123
0.000141
0.000161
-0.003490
0.004660
0.004862
0.000112
0.000116
0.000122
0.000100
-0.000046
-0.000360
-0.000704
0.000107
0.000108
0.000105
0.000088
0.000040
-0.000038
-0.000117
0.000100
0.000096
0.000085
0.000063
0.000034
0.002026
0.002109
0.002155
0.000075
0.000081
0.000060
0.002158
0.002340
0.002713
0.001674
0.000261
0.000083
0.000066
0.002075
0.002317
0.002610
0.009005
0.000292
0.000128
0.000089
0.001823
0.001788
0.001837
0.001732
0.000215
0.000139
0.000109
0.001761
0.001441
0.001051
0.000167
0.000192
0.000132
0.000117
0.004819
0.004748
-0.003146
0.000163
0.000142
0.000123
0.000116
-0.000700
-0.000356
-0.000044
0.000102
0.000123
0.000117
0.000113
-0.000115
-0.000036
0.000042
0.000090
0.000106
0.000109
0.000108
0.000035
0.000064
0.000086
0.000097
0.000101
0.000087
0.000101
0.000146
0.001187
0.002092
0.001972
0.001886
0.000068
0.000094
0.000275
0.006943
0.002620
0.002178
0.001898
0.000079
0.000245
0.001797
0.002427
0.001933
0.001735
0.000063
0.000077
0.000127
-0.002086
0.001462
0.001376
0.001409
0.000069
0.000073
0.000106
-0.000123
0.000556
0.000911
0.001298
0.000067
0.000066
0.000072
0.000147
-0.000145
-0.002672
-0.004544
0.000066
0.000068
0.000075
0.000088
0.000067
-0.000008
-0.000099
0.000067
0.000069
0.000073
0.000077
0.000073
0.000057
0.000036
0.000069
0.000072
0.000074
0.000074
0.000070
0.001879
0.001997
0.002128
-0.000719
0.000142
0.000100
0.000086
0.001911
0.002138
0.002597
0.001914
0.000303
0.000093
0.000068
0.001748
0.002013
0.002432
0.016002
0.000218
0.000080
0.001415
0.001360
0.001368
0.001421
0.000133
0.000078
0.000064
0.001293
0.000909
0.000563
0.000177
0.000107
0.000072
0.000069
-0.004644
-0.002613
-0.000144
0.000149
0.000072
0.000066
0.000067
-0.000100
-0.000008
0.000068
0.000089
0.000076
0.000068
0.000066
0.000036
0.000057
0.000074
0.000078
0.000073
0.000069
0.000067
0.000070
0.000074
0.000074
0.000072
0.000069
0.000193
0.000231
0.000311
0.001927
0.001865
0.001709
0.001589
0.000155
0.000224
0.000535
0.004232
0.002407
0.001831
0.001541
0.000102
0.000148
0.000373
0.002184
0.002071
0.001538
0.001324
0.000063
0.000077
0.000125
-0.003913
0.001011
0.000922
0.000969
0.000055
0.000074
0.000008
0.000248
0.000449
0.000789
0.000053
0.000050
0.000045
0.000125
0.000238
-0.000010
-0.000349
0.000052
0.000051
0.000055
0.000075
0.000093
0.000090
0.000065
0.000052
0.000053
0.000057
0.000066
0.000076
0.000080
0.000079
0.000055
0.000058
0.000063
0.000069
0.000074
