0.000026
0.000036
0.000466
0.000967
0.000959
0.000948
0.000029
0.000038
0.000105
0.004600
0.001269
0.001114
0.000994
0.000039
0.000056
0.000147
0.000897
0.001227
0.001028
0.000955
0.000048
0.000062
0.000092
-0.005632
0.000884
0.000841
0.000842
0.000052
0.000059
0.000086
-0.000120
0.000484
0.000672
0.000822
0.000052
0.000055
0.000064
0.000071
-0.001654
0.002184
0.002274
0.000050
0.000052
0.000054
0.000044
-0.000025
-0.000173
-0.000334
0.000047
0.000048
0.000047
0.000038
0.000015
-0.000021
-0.000058
0.000044
0.000042
0.000037
0.000027
0.000013
0.000942
0.000981
0.001001
0.000032
0.000035
0.000026
0.001004
0.001089
0.001262
0.000759
0.000119
0.000037
0.000029
0.000965
0.001079
0.001214
0.004188
0.000133
0.000057
0.000040
0.000848
0.000831
0.000853
0.000809
0.000097
0.000062
0.000049
0.000820
0.000670
0.000485
0.000069
0.000086
0.000060
0.000052
0.002253
0.002225
-0.001490
0.000071
0.000064
0.000056
0.000052
-0.000332
-0.000171
-0.000024
0.000044
0.000055
0.000052
0.000050
-0.000057
-0.000020
0.000016
0.000039
0.000047
0.000048
0.000048
0.000013
0.000027
0.000037
0.000043
0.000045
0.000038
0.000045
0.000065
0.000549
0.000972
0.000917
0.000877
0.000030
0.000042
0.000125
0.003245
0.001219
0.001013
0.000882
0.000034
0.000111
0.000829
0.001129
0.000899
0.000807
0.000027
0.000034
0.000056
-0.000980
0.000678
0.000639
0.000655
0.000030
0.000032
0.000047
-0.000067
0.000254
0.000423
0.000604
0.000029
0.000029
0.000032
0.000065
-0.000078
-0.001272
-0.002142
0.000029
0.000029
0.000033
0.000038
0.000028
-0.000008
-0.000051
0.000029
0.000030
0.000032
0.000033
0.000031
0.000023
0.000014
0.000030
0.000031
0.000032
0.000032
0.000030
0.000874
0.000929
0.000989
-0.000339
0.000064
0.000044
0.000038
0.000889
0.000995
0.001208
0.000882
0.000138
0.000041
0.000029
0.000813
0.000936
0.001131
0.007432
0.000099
0.000035
0.000657
0.000631
0.000634
0.000660
0.000059
0.000034
0.000027
0.000602
0.000422
0.000258
0.000074
0.000047
0.000032
0.000030
-0.002187
-0.001242
-0.000077
0.000065
0.000032
0.000029
0.000029
-0.000051
-0.000008
0.000028
0.000039
0.000033
0.000029
0.000029
0.000013
0.000023
0.000031
0.000034
0.000032
0.000030
0.000029
0.000030
0.000032
0.000032
0.000031
0.000030
0.000088
0.000106
0.000142
0.000905
0.000867
0.000794
0.000738
0.000070
0.000102
0.000246
0.001975
0.001119
0.000852
0.000716
0.000045
0.000067
0.000171
0.001012
0.000963
0.000715
0.000614
0.000027
0.000034
0.000056
-0.001834
0.000467
0.000427
0.000449
0.000023
0.000032
-0.000005
0.000110
0.000208
0.000367
0.000023
0.000021
0.000019
0.000055
0.000103
-0.000016
-0.000172
0.000022
0.000022
0.000023
0.000032
0.000040
0.000038
0.000026
0.000022
0.000022
0.000024
0.000028
0.000033
0.000034
0.000034
0.000023
0.000025
0.000027
0.000030
0.000032
