0.000033
0.000047
0.000598
0.001238
0.001228
0.001214
0.000038
0.000049
0.000135
0.005885
0.001625
0.001426
0.001273
0.000051
0.000072
0.000189
0.001150
0.001570
0.001317
0.001223
0.000062
0.000079
0.000119
-0.007198
0.001132
0.001077
0.001079
0.000067
0.000076
0.000111
-0.000150
0.000621
0.000860
0.001053
0.000067
0.000071
0.000082
0.000092
-0.002109
0.002793
0.002908
0.000065
0.000067
0.000070
0.000057
-0.000031
-0.000220
-0.000426
0.000061
0.000062
0.000060
0.000050
0.000021
-0.000026
-0.000073
0.000057
0.000055
0.000048
0.000035
0.000017
0.001206
0.001256
0.001282
0.000041
0.000046
0.000033
0.001286
0.001395
0.001616
0.000978
0.000153
0.000048
0.000037
0.001236
0.001381
0.001555
0.005364
0.000171
0.000074
0.000051
0.001086
0.001064
0.001093
0.001035
0.000125
0.000081
0.000063
0.001050
0.000858
0.000622
0.000091
0.000111
0.000077
0.000067
0.002882
0.002845
-0.001901
0.000093
0.000083
0.000072
0.000067
-0.000423
-0.000218
-0.000030
0.000057
0.000071
0.000068
0.000065
-0.000072
-0.000025
0.000022
0.000051
0.000061
0.000062
0.000062
0.000018
0.000035
0.000048
0.000055
0.000058
0.000050
0.000058
0.000084
0.000704
0.001245
0.001174
0.001123
0.000038
0.000054
0.000161
0.004151
0.001561
0.001298
0.001130
0.000045
0.000143
0.001064
0.001446
0.001151
0.001033
0.000035
0.000044
0.000073
-0.001252
0.000869
0.000818
0.000838
0.000039
0.000041
0.000060
-0.000083
0.000327
0.000542
0.000773
0.000038
0.000038
0.000041
0.000084
-0.000097
-0.001621
-0.002735
0.000037
0.000038
0.000043
0.000050
0.000037
-0.000009
-0.000063
0.000038
0.000039
0.000041
0.000044
0.000041
0.000031
0.000018
0.000039
0.000040
0.000042
0.000041
0.000039
0.001119
0.001189
0.001267
-0.000433
0.000082
0.000058
0.000049
0.001138
0.001274
0.001547
0.001131
0.000178
0.000053
0.000038
0.001041
0.001199
0.001448
0.009521
0.000128
0.000046
0.000842
0.000809
0.000813
0.000846
0.000077
0.000044
0.000036
0.000770
0.000541
0.000331
0.000097
0.000061
0.000041
0.000039
-0.002793
-0.001583
-0.000096
0.000085
0.000041
0.000037
0.000038
-0.000064
-0.000009
0.000037
0.000050
0.000043
0.000038
0.000038
0.000018
0.000031
0.000041
0.000044
0.000041
0.000039
0.000038
0.000039
0.000041
0.000042
0.000040
0.000039
0.000113
0.000136
0.000182
0.001156
0.001110
0.001017
0.000946
0.000090
0.000131
0.000316
0.002527
0.001433
0.001091
0.000917
0.000059
0.000086
0.000220
0.001297
0.001233
0.000915
0.000787
0.000036
0.000044
0.000072
-0.002344
0.000599
0.000547
0.000576
0.000031
0.000041
-0.000004
0.000143
0.000267
0.000470
0.000030
0.000028
0.000025
0.000071
0.000134
-0.000017
-0.000217
0.000029
0.000028
0.000031
0.000042
0.000053
0.000050
0.000035
0.000029
0.000029
0.000032
0.000037
0.000042
0.000045
0.000044
0.000030
0.000032
0.000035
0.000039
0.000041
