0.000032
0.000045
0.000569
0.001179
0.001170
0.001156
0.000036
0.000047
0.000128
0.005605
0.001548
0.001358
0.001212
0.000048
0.000069
0.000180
0.001095
0.001496
0.001254
0.001165
0.000059
0.000075
0.000113
-0.006858
0.001078
0.001025
0.001027
0.000064
0.000073
0.000106
-0.000144
0.000591
0.000819
0.001003
0.000063
0.000068
0.000078
0.000088
-0.002010
0.002661
0.002770
0.000061
0.000064
0.000067
0.000054
-0.000030
-0.000210
-0.000406
0.000058
0.000059
0.000057
0.000047
0.000020
-0.000025
-0.000070
0.000054
0.000052
0.000045
0.000033
0.000016
0.001149
0.001196
0.001221
0.000039
0.000044
0.000032
0.001224
0.001328
0.001539
0.000930
0.000146
0.000045
0.000035
0.001177
0.001315
0.001481
0.005108
0.000163
0.000070
0.000049
0.001034
0.001014
0.001040
0.000986
0.000119
0.000077
0.000060
0.001000
0.000817
0.000593
0.000086
0.000106
0.000073
0.000064
0.002746
0.002710
-0.001812
0.000088
0.000079
0.000068
0.000064
-0.000403
-0.000208
-0.000029
0.000055
0.000067
0.000064
0.000062
-0.000069
-0.000024
0.000020
0.000048
0.000058
0.000059
0.000059
0.000017
0.000034
0.000046
0.000052
0.000055
0.000047
0.000055
0.000080
0.000671
0.001186
0.001118
0.001069
0.000037
0.000052
0.000153
0.003954
0.001487
0.001236
0.001076
0.000042
0.000136
0.001013
0.001377
0.001097
0.000984
0.000034
0.000042
0.000069
-0.001193
0.000827
0.000779
0.000798
0.000037
0.000039
0.000057
-0.000080
0.000311
0.000516
0.000736
0.000036
0.000036
0.000039
0.000080
-0.000093
-0.001545
-0.002606
0.000036
0.000036
0.000041
0.000047
0.000035
-0.000009
-0.000061
0.000036
0.000037
0.000039
0.000041
0.000039
0.000029
0.000017
0.000037
0.000038
0.000039
0.000039
0.000037
0.001066
0.001133
0.001206
-0.000413
0.000078
0.000055
0.000047
0.001084
0.001214
0.001473
0.001077
0.000169
0.000051
0.000036
0.000991
0.001142
0.001379
0.009066
0.000121
0.000043
0.000802
0.000770
0.000774
0.000805
0.000073
0.000042
0.000034
0.000734
0.000515
0.000315
0.000092
0.000058
0.000039
0.000037
-0.002662
-0.001509
-0.000092
0.000081
0.000039
0.000036
0.000036
-0.000061
-0.000009
0.000035
0.000048
0.000041
0.000036
0.000036
0.000017
0.000029
0.000039
0.000041
0.000039
0.000037
0.000036
0.000037
0.000039
0.000039
0.000038
0.000037
0.000107
0.000129
0.000173
0.001101
0.001057
0.000969
0.000901
0.000086
0.000125
0.000301
0.002407
0.001365
0.001039
0.000873
0.000056
0.000082
0.000209
0.001235
0.001174
0.000872
0.000750
0.000034
0.000042
0.000068
-0.002233
0.000570
0.000521
0.000548
0.000029
0.000039
-0.000005
0.000136
0.000254
0.000448
0.000028
0.000026
0.000023
0.000068
0.000127
-0.000017
-0.000207
0.000027
0.000027
0.000029
0.000040
0.000050
0.000047
0.000033
0.000027
0.000028
0.000030
0.000035
0.000040
0.000043
0.000042
0.000029
0.000031
0.000034
0.000037
0.000039
