0.000056
0.000079
0.000952
0.001966
0.001948
0.001926
0.000063
0.000081
0.000217
0.009301
0.002577
0.002260
0.002018
0.000084
0.000117
0.000303
0.001831
0.002489
0.002088
0.001940
0.000101
0.000129
0.000192
-0.011352
0.001798
0.001708
0.001711
0.000109
0.000124
0.000180
-0.000224
0.000990
0.001364
0.001669
0.000109
0.000116
0.000133
0.000152
-0.003304
0.004405
0.004595
0.000105
0.000109
0.000114
0.000094
-0.000044
-0.000342
-0.000667
0.000100
0.000101
0.000099
0.000083
0.000037
-0.000037
-0.000111
0.000094
0.000090
0.000079
0.000059
0.000031
0.001913
0.001992
0.002035
0.000070
0.000076
0.000056
0.002038
0.002210
0.002563
0.001577
0.000246
0.000078
0.000062
0.001960
0.002189
0.002465
0.008506
0.000275
0.000120
0.000084
0.001722
0.001689
0.001735
0.001636
0.000203
0.000131
0.000103
0.001664
0.001361
0.000992
0.000156
0.000181
0.000125
0.000110
0.004555
0.004489
-0.002978
0.000153
0.000134
0.000116
0.000109
-0.000663
-0.000338
-0.000042
0.000095
0.000115
0.000110
0.000106
-0.000109
-0.000035
0.000038
0.000084
0.000100
0.000102
0.000101
0.000032
0.000060
0.000080
0.000091
0.000095
0.000082
0.000095
0.000137
0.001120
0.001976
0.001863
0.001781
0.000064
0.000089
0.000259
0.006561
0.002475
0.002057
0.001792
0.000074
0.000231
0.001696
0.002293
0.001826
0.001639
0.000059
0.000073
0.000119
-0.001973
0.001381
0.001299
0.001331
0.000064
0.000068
0.000100
-0.000119
0.000524
0.000860
0.001226
0.000063
0.000062
0.000068
0.000138
-0.000140
-0.002531
-0.004299
0.000062
0.000063
0.000071
0.000083
0.000063
-0.000008
-0.000094
0.000062
0.000064
0.000069
0.000073
0.000068
0.000053
0.000034
0.000065
0.000067
0.000069
0.000069
0.000065
0.001775
0.001886
0.002010
-0.000680
0.000134
0.000094
0.000081
0.001805
0.002020
0.002453
0.001806
0.000285
0.000087
0.000064
0.001651
0.001901
0.002297
0.015113
0.000206
0.000075
0.001336
0.001284
0.001292
0.001342
0.000125
0.000073
0.000059
0.001222
0.000858
0.000531
0.000165
0.000100
0.000068
0.000064
-0.004393
-0.002474
-0.000139
0.000140
0.000068
0.000062
0.000063
-0.000095
-0.000008
0.000063
0.000083
0.000071
0.000063
0.000062
0.000033
0.000053
0.000069
0.000073
0.000069
0.000064
0.000062
0.000066
0.000069
0.000069
0.000067
0.000065
0.000182
0.000218
0.000293
0.001822
0.001762
0.001614
0.001501
0.000146
0.000211
0.000505
0.003999
0.002273
0.001730
0.001455
0.000096
0.000139
0.000352
0.002062
0.001956
0.001453
0.001250
0.000059
0.000072
0.000118
-0.003699
0.000955
0.000870
0.000915
0.000051
0.000070
0.000005
0.000233
0.000424
0.000746
0.000050
0.000047
0.000042
0.000118
0.000223
-0.000012
-0.000332
0.000049
0.000048
0.000051
0.000070
0.000088
0.000084
0.000060
0.000049
0.000049
0.000053
0.000062
0.000071
0.000075
0.000074
0.000051
0.000054
0.000059
0.000065
0.000069
