0.000065
0.000091
0.001082
0.002231
0.002210
0.002184
0.000072
0.000093
0.000248
0.010535
0.002923
0.002562
0.002289
0.000096
0.000134
0.000345
0.002080
0.002823
0.002368
0.002200
0.000116
0.000147
0.000220
-0.012849
0.002040
0.001938
0.001940
0.000125
0.000142
0.000206
-0.000248
0.001125
0.001547
0.001892
0.000124
0.000132
0.000152
0.000174
-0.003729
0.004986
0.005204
0.000121
0.000125
0.000131
0.000108
-0.000048
-0.000384
-0.000752
0.000115
0.000116
0.000114
0.000096
0.000044
-0.000039
-0.000124
0.000108
0.000103
0.000092
0.000069
0.000037
0.002170
0.002259
0.002309
0.000082
0.000088
0.000065
0.002311
0.002506
0.002906
0.001800
0.000281
0.000090
0.000071
0.002223
0.002482
0.002796
0.009647
0.000313
0.000138
0.000097
0.001953
0.001916
0.001968
0.001854
0.000231
0.000149
0.000118
0.001887
0.001544
0.001127
0.000182
0.000207
0.000142
0.000126
0.005159
0.005081
-0.003362
0.000176
0.000153
0.000133
0.000125
-0.000748
-0.000380
-0.000045
0.000110
0.000132
0.000126
0.000121
-0.000122
-0.000037
0.000046
0.000097
0.000115
0.000117
0.000116
0.000039
0.000070
0.000093
0.000104
0.000109
0.000094
0.000109
0.000157
0.001272
0.002242
0.002113
0.002020
0.000074
0.000102
0.000295
0.007432
0.002807
0.002333
0.002033
0.000085
0.000263
0.001927
0.002600
0.002071
0.001859
0.000068
0.000084
0.000137
-0.002232
0.001568
0.001474
0.001510
0.000074
0.000078
0.000115
-0.000129
0.000597
0.000976
0.001390
0.000073
0.000072
0.000078
0.000158
-0.000152
-0.002853
-0.004859
0.000072
0.000073
0.000082
0.000096
0.000073
-0.000007
-0.000104
0.000072
0.000074
0.000079
0.000084
0.000079
0.000062
0.000040
0.000075
0.000078
0.000080
0.000080
0.000076
0.002013
0.002140
0.002280
-0.000768
0.000153
0.000108
0.000093
0.002047
0.002290
0.002782
0.002053
0.000325
0.000100
0.000073
0.001872
0.002156
0.002605
0.017147
0.000234
0.000087
0.001516
0.001458
0.001467
0.001522
0.000144
0.000084
0.000069
0.001386
0.000974
0.000605
0.000192
0.000115
0.000078
0.000074
-0.004966
-0.002790
-0.000151
0.000161
0.000078
0.000071
0.000073
-0.000105
-0.000007
0.000074
0.000096
0.000082
0.000073
0.000072
0.000040
0.000062
0.000080
0.000084
0.000079
0.000074
0.000072
0.000076
0.000080
0.000080
0.000078
0.000075
0.000207
0.000249
0.000334
0.002061
0.001999
0.001831
0.001703
0.000166
0.000240
0.000574
0.004531
0.002578
0.001962
0.001651
0.000110
0.000159
0.000400
0.002341
0.002219
0.001648
0.001418
0.000069
0.000083
0.000135
-0.004187
0.001085
0.000988
0.001039
0.000060
0.000081
0.000011
0.000267
0.000481
0.000846
0.000058
0.000054
0.000049
0.000136
0.000258
-0.000007
-0.000370
0.000056
0.000055
0.000060
0.000081
0.000101
0.000097
0.000071
0.000056
0.000057
0.000062
0.000071
0.000082
0.000087
0.000086
0.000059
0.000063
0.000069
0.000075
0.000080
