0.000025
0.000035
0.000448
0.000930
0.000923
0.000912
0.000028
0.000037
0.000101
0.004425
0.001221
0.001071
0.000956
0.000038
0.000054
0.000141
0.000862
0.001180
0.000989
0.000919
0.000046
0.000059
0.000089
-0.005418
0.000850
0.000809
0.000810
0.000050
0.000057
0.000083
-0.000115
0.000466
0.000646
0.000791
0.000050
0.000053
0.000061
0.000068
-0.001591
0.002102
0.002187
0.000048
0.000050
0.000052
0.000042
-0.000024
-0.000166
-0.000321
0.000046
0.000046
0.000045
0.000037
0.000015
-0.000020
-0.000056
0.000042
0.000040
0.000035
0.000025
0.000012
0.000906
0.000943
0.000963
0.000030
0.000034
0.000025
0.000966
0.001048
0.001214
0.000730
0.000115
0.000035
0.000027
0.000929
0.001038
0.001168
0.004028
0.000128
0.000055
0.000038
0.000815
0.000799
0.000820
0.000778
0.000094
0.000060
0.000047
0.000788
0.000645
0.000467
0.000066
0.000083
0.000057
0.000050
0.002168
0.002141
-0.001434
0.000069
0.000062
0.000053
0.000050
-0.000319
-0.000165
-0.000024
0.000042
0.000053
0.000050
0.000048
-0.000055
-0.000020
0.000015
0.000037
0.000045
0.000046
0.000046
0.000013
0.000026
0.000036
0.000041
0.000043
0.000037
0.000043
0.000062
0.000528
0.000935
0.000882
0.000843
0.000028
0.000040
0.000120
0.003122
0.001173
0.000975
0.000849
0.000033
0.000107
0.000798
0.001086
0.000865
0.000776
0.000026
0.000032
0.000054
-0.000943
0.000652
0.000614
0.000630
0.000029
0.000030
0.000045
-0.000065
0.000244
0.000407
0.000581
0.000028
0.000028
0.000030
0.000062
-0.000075
-0.001224
-0.002061
0.000028
0.000028
0.000032
0.000037
0.000027
-0.000008
-0.000049
0.000028
0.000029
0.000030
0.000032
0.000030
0.000022
0.000013
0.000029
0.000030
0.000031
0.000030
0.000028
0.000840
0.000893
0.000951
-0.000326
0.000061
0.000043
0.000036
0.000855
0.000957
0.001162
0.000848
0.000133
0.000040
0.000028
0.000782
0.000901
0.001088
0.007148
0.000095
0.000034
0.000632
0.000607
0.000610
0.000635
0.000057
0.000033
0.000026
0.000579
0.000406
0.000248
0.000071
0.000045
0.000030
0.000029
-0.002105
-0.001196
-0.000075
0.000063
0.000030
0.000028
0.000028
-0.000049
-0.000008
0.000027
0.000037
0.000032
0.000028
0.000028
0.000013
0.000022
0.000030
0.000032
0.000031
0.000029
0.000028
0.000029
0.000030
0.000031
0.000030
0.000029
0.000084
0.000102
0.000136
0.000870
0.000834
0.000764
0.000710
0.000067
0.000098
0.000237
0.001900
0.001077
0.000819
0.000688
0.000044
0.000064
0.000164
0.000973
0.000926
0.000687
0.000591
0.000026
0.000032
0.000053
-0.001764
0.000449
0.000411
0.000432
0.000023
0.000031
-0.000005
0.000106
0.000200
0.000353
0.000022
0.000020
0.000018
0.000053
0.000099
-0.000016
-0.000165
0.000021
0.000021
0.000023
0.000031
0.000039
0.000037
0.000025
0.000021
0.000022
0.000023
0.000027
0.000031
0.000033
0.000032
0.000022
0.000024
0.000026
0.000029
0.000030
