0.000050
0.000071
0.000867
0.001792
0.001776
0.001755
0.000056
0.000073
0.000197
0.008486
0.002349
0.002060
0.001840
0.000076
0.000106
0.000276
0.001668
0.002270
0.001903
0.001768
0.000092
0.000117
0.000174
-0.010363
0.001639
0.001557
0.001559
0.000099
0.000112
0.000164
-0.000207
0.000902
0.001244
0.001521
0.000098
0.000105
0.000121
0.000137
-0.003021
0.004021
0.004193
0.000095
0.000099
0.000104
0.000085
-0.000042
-0.000313
-0.000610
0.000091
0.000092
0.000090
0.000075
0.000033
-0.000034
-0.000103
0.000085
0.000081
0.000071
0.000053
0.000027
0.001744
0.001816
0.001855
0.000063
0.000069
0.000050
0.001858
0.002015
0.002336
0.001432
0.000224
0.000071
0.000056
0.001787
0.001996
0.002248
0.007755
0.000250
0.000109
0.000076
0.001570
0.001539
0.001581
0.001493
0.000184
0.000118
0.000093
0.001517
0.001241
0.000903
0.000139
0.000164
0.000113
0.000099
0.004156
0.004097
-0.002723
0.000138
0.000121
0.000105
0.000099
-0.000606
-0.000310
-0.000040
0.000086
0.000104
0.000100
0.000096
-0.000101
-0.000033
0.000034
0.000076
0.000090
0.000092
0.000091
0.000029
0.000054
0.000072
0.000082
0.000086
0.000074
0.000086
0.000124
0.001020
0.001801
0.001698
0.001623
0.000058
0.000080
0.000235
0.005987
0.002257
0.001875
0.001634
0.000067
0.000209
0.001544
0.002090
0.001665
0.001494
0.000053
0.000065
0.000108
-0.001801
0.001258
0.001184
0.001213
0.000058
0.000061
0.000090
-0.000111
0.000476
0.000784
0.001118
0.000057
0.000056
0.000061
0.000124
-0.000130
-0.002316
-0.003928
0.000056
0.000057
0.000064
0.000075
0.000056
-0.000009
-0.000088
0.000056
0.000058
0.000062
0.000065
0.000062
0.000048
0.000030
0.000058
0.000060
0.000062
0.000062
0.000059
0.001618
0.001720
0.001832
-0.000621
0.000121
0.000085
0.000073
0.001645
0.001841
0.002236
0.001643
0.000259
0.000079
0.000057
0.001505
0.001733
0.002094
0.013775
0.000187
0.000068
0.001218
0.001171
0.001177
0.001223
0.000113
0.000066
0.000054
0.001114
0.000782
0.000483
0.000148
0.000090
0.000061
0.000058
-0.004013
-0.002263
-0.000129
0.000127
0.000061
0.000056
0.000057
-0.000088
-0.000009
0.000057
0.000075
0.000064
0.000057
0.000056
0.000029
0.000048
0.000062
0.000066
0.000062
0.000058
0.000056
0.000059
0.000062
0.000063
0.000061
0.000058
0.000165
0.000198
0.000266
0.001663
0.001606
0.001471
0.001368
0.000132
0.000192
0.000459
0.003647
0.002072
0.001577
0.001326
0.000087
0.000126
0.000320
0.001879
0.001783
0.001324
0.001139
0.000054
0.000065
0.000106
-0.003376
0.000869
0.000793
0.000834
0.000046
0.000063
0.000002
0.000211
0.000386
0.000680
0.000045
0.000042
0.000037
0.000106
0.000201
-0.000015
-0.000305
0.000044
0.000043
0.000046
0.000063
0.000079
0.000075
0.000054
0.000044
0.000044
0.000048
0.000056
0.000064
0.000068
0.000067
0.000046
0.000049
0.000053
0.000058
0.000062
