0.000036
0.000051
0.000644
0.001335
0.001324
0.001308
0.000041
0.000054
0.000146
0.006338
0.001751
0.001536
0.001371
0.000055
0.000078
0.000204
0.001240
0.001692
0.001419
0.001318
0.000067
0.000086
0.000128
-0.007750
0.001220
0.001160
0.001162
0.000072
0.000083
0.000120
-0.000161
0.000670
0.000927
0.001134
0.000072
0.000077
0.000089
0.000100
-0.002269
0.003007
0.003132
0.000070
0.000073
0.000076
0.000062
-0.000033
-0.000236
-0.000458
0.000066
0.000067
0.000065
0.000054
0.000023
-0.000028
-0.000079
0.000062
0.000059
0.000052
0.000038
0.000019
0.001300
0.001353
0.001382
0.000045
0.000050
0.000036
0.001385
0.001503
0.001741
0.001056
0.000165
0.000051
0.000040
0.001332
0.001488
0.001675
0.005779
0.000185
0.000080
0.000055
0.001170
0.001147
0.001177
0.001114
0.000135
0.000087
0.000068
0.001131
0.000925
0.000671
0.000099
0.000120
0.000083
0.000073
0.003104
0.003063
-0.002045
0.000100
0.000089
0.000077
0.000073
-0.000455
-0.000234
-0.000032
0.000062
0.000076
0.000073
0.000070
-0.000077
-0.000027
0.000024
0.000055
0.000066
0.000068
0.000067
0.000020
0.000039
0.000052
0.000060
0.000062
0.000054
0.000063
0.000091
0.000759
0.001342
0.001265
0.001210
0.000042
0.000059
0.000174
0.004471
0.001682
0.001398
0.001218
0.000048
0.000155
0.001147
0.001558
0.001241
0.001113
0.000038
0.000048
0.000079
-0.001348
0.000936
0.000882
0.000903
0.000042
0.000045
0.000065
-0.000088
0.000352
0.000584
0.000833
0.000041
0.000041
0.000044
0.000091
-0.000103
-0.001743
-0.002944
0.000041
0.000041
0.000046
0.000054
0.000040
-0.000009
-0.000068
0.000041
0.000042
0.000045
0.000047
0.000044
0.000034
0.000020
0.000042
0.000044
0.000045
0.000045
0.000042
0.001206
0.001281
0.001365
-0.000466
0.000089
0.000062
0.000053
0.001226
0.001373
0.001666
0.001220
0.000192
0.000058
0.000041
0.001121
0.001292
0.001561
0.010260
0.000138
0.000049
0.000907
0.000872
0.000876
0.000911
0.000083
0.000048
0.000039
0.000830
0.000582
0.000357
0.000106
0.000066
0.000045
0.000042
-0.003007
-0.001703
-0.000102
0.000092
0.000044
0.000041
0.000041
-0.000068
-0.000009
0.000040
0.000054
0.000046
0.000041
0.000041
0.000020
0.000034
0.000044
0.000047
0.000045
0.000042
0.000041
0.000042
0.000045
0.000045
0.000044
0.000042
0.000122
0.000147
0.000197
0.001245
0.001196
0.001096
0.001019
0.000097
0.000142
0.000341
0.002722
0.001544
0.001175
0.000988
0.000063
0.000093
0.000237
0.001398
0.001329
0.000986
0.000848
0.000039
0.000047
0.000078
-0.002524
0.000646
0.000590
0.000621
0.000033
0.000045
-0.000004
0.000154
0.000287
0.000507
0.000032
0.000030
0.000027
0.000077
0.000145
-0.000018
-0.000233
0.000031
0.000031
0.000033
0.000045
0.000057
0.000054
0.000038
0.000031
0.000032
0.000034
0.000040
0.000046
0.000049
0.000048
0.000033
0.000035
0.000038
0.000042
0.000045
