0.000053
0.000075
0.000906
0.001871
0.001855
0.001833
0.000059
0.000077
0.000207
0.008859
0.002453
0.002151
0.001921
0.000079
0.000111
0.000288
0.001742
0.002370
0.001988
0.001847
0.000096
0.000122
0.000183
-0.010816
0.001711
0.001626
0.001629
0.000103
0.000118
0.000171
-0.000215
0.000942
0.001299
0.001589
0.000103
0.000110
0.000126
0.000144
-0.003150
0.004197
0.004377
0.000100
0.000104
0.000109
0.000089
-0.000043
-0.000326
-0.000636
0.000095
0.000096
0.000094
0.000078
0.000035
-0.000035
-0.000107
0.000089
0.000085
0.000075
0.000056
0.000029
0.001821
0.001896
0.001937
0.000066
0.000072
0.000053
0.001940
0.002105
0.002440
0.001498
0.000234
0.000074
0.000058
0.001866
0.002084
0.002347
0.008098
0.000261
0.000114
0.000080
0.001639
0.001608
0.001651
0.001558
0.000192
0.000124
0.000097
0.001584
0.001296
0.000944
0.000147
0.000172
0.000118
0.000104
0.004338
0.004276
-0.002840
0.000145
0.000127
0.000110
0.000104
-0.000632
-0.000322
-0.000041
0.000090
0.000109
0.000104
0.000101
-0.000105
-0.000034
0.000036
0.000079
0.000095
0.000097
0.000096
0.000030
0.000057
0.000076
0.000086
0.000090
0.000077
0.000090
0.000130
0.001066
0.001881
0.001773
0.001695
0.000060
0.000084
0.000246
0.006250
0.002357
0.001958
0.001706
0.000070
0.000219
0.001614
0.002183
0.001738
0.001560
0.000056
0.000069
0.000113
-0.001880
0.001314
0.001236
0.001267
0.000061
0.000064
0.000095
-0.000115
0.000498
0.000819
0.001167
0.000060
0.000059
0.000064
0.000130
-0.000135
-0.002415
-0.004098
0.000059
0.000060
0.000067
0.000078
0.000059
-0.000008
-0.000091
0.000059
0.000061
0.000065
0.000069
0.000065
0.000050
0.000031
0.000061
0.000063
0.000065
0.000065
0.000062
0.001690
0.001796
0.001913
-0.000648
0.000127
0.000089
0.000076
0.001718
0.001923
0.002335
0.001718
0.000271
0.000083
0.000060
0.001571
0.001810
0.002187
0.014387
0.000195
0.000071
0.001272
0.001223
0.001230
0.001277
0.000119
0.000069
0.000056
0.001163
0.000817
0.000505
0.000156
0.000095
0.000064
0.000061
-0.004187
-0.002360
-0.000134
0.000133
0.000064
0.000059
0.000060
-0.000092
-0.000009
0.000060
0.000079
0.000067
0.000060
0.000059
0.000031
0.000050
0.000065
0.000069
0.000065
0.000061
0.000059
0.000062
0.000065
0.000066
0.000064
0.000061
0.000173
0.000207
0.000278
0.001736
0.001677
0.001537
0.001429
0.000138
0.000200
0.000480
0.003808
0.002164
0.001647
0.001385
0.000091
0.000132
0.000334
0.001963
0.001862
0.001383
0.001190
0.000056
0.000068
0.000112
-0.003524
0.000908
0.000828
0.000871
0.000049
0.000066
0.000004
0.000221
0.000404
0.000710
0.000047
0.000044
0.000039
0.000111
0.000211
-0.000014
-0.000317
0.000046
0.000045
0.000049
0.000066
0.000083
0.000079
0.000057
0.000046
0.000047
0.000050
0.000058
0.000067
0.000071
0.000070
0.000048
0.000051
0.000056
0.000061
0.000065
