0.000045
0.000064
0.000791
0.001635
0.001621
0.001603
0.000051
0.000066
0.000180
0.007753
0.002145
0.001881
0.001680
0.000069
0.000096
0.000251
0.001521
0.002072
0.001738
0.001614
0.000083
0.000106
0.000159
-0.009473
0.001496
0.001422
0.001424
0.000089
0.000102
0.000149
-0.000192
0.000822
0.001135
0.001389
0.000089
0.000095
0.000110
0.000124
-0.002766
0.003676
0.003831
0.000086
0.000090
0.000094
0.000077
-0.000039
-0.000287
-0.000558
0.000082
0.000083
0.000081
0.000068
0.000029
-0.000032
-0.000095
0.000077
0.000073
0.000065
0.000048
0.000024
0.001592
0.001658
0.001693
0.000057
0.000062
0.000045
0.001697
0.001840
0.002133
0.001302
0.000204
0.000064
0.000050
0.001631
0.001822
0.002052
0.007080
0.000228
0.000099
0.000069
0.001433
0.001405
0.001443
0.001364
0.000167
0.000108
0.000084
0.001385
0.001133
0.000824
0.000125
0.000149
0.000103
0.000090
0.003797
0.003745
-0.002493
0.000125
0.000110
0.000096
0.000090
-0.000555
-0.000284
-0.000037
0.000078
0.000095
0.000091
0.000087
-0.000093
-0.000031
0.000030
0.000068
0.000082
0.000084
0.000083
0.000025
0.000049
0.000065
0.000074
0.000077
0.000067
0.000078
0.000112
0.000931
0.001644
0.001550
0.001482
0.000052
0.000073
0.000214
0.005470
0.002060
0.001712
0.001492
0.000060
0.000191
0.001408
0.001908
0.001520
0.001364
0.000048
0.000059
0.000098
-0.001647
0.001148
0.001080
0.001107
0.000052
0.000056
0.000082
-0.000104
0.000434
0.000715
0.001021
0.000051
0.000051
0.000055
0.000113
-0.000122
-0.002122
-0.003593
0.000051
0.000052
0.000058
0.000068
0.000050
-0.000009
-0.000081
0.000051
0.000052
0.000056
0.000059
0.000055
0.000043
0.000026
0.000053
0.000055
0.000056
0.000056
0.000053
0.001477
0.001570
0.001672
-0.000569
0.000110
0.000077
0.000066
0.001502
0.001681
0.002041
0.001498
0.000236
0.000071
0.000052
0.001374
0.001583
0.001912
0.012574
0.000170
0.000062
0.001112
0.001068
0.001074
0.001116
0.000103
0.000060
0.000048
0.001017
0.000714
0.000440
0.000133
0.000082
0.000055
0.000053
-0.003671
-0.002073
-0.000121
0.000114
0.000055
0.000051
0.000052
-0.000082
-0.000009
0.000051
0.000068
0.000058
0.000052
0.000051
0.000026
0.000043
0.000056
0.000059
0.000056
0.000052
0.000051
0.000053
0.000056
0.000056
0.000055
0.000053
0.000150
0.000181
0.000242
0.001521
0.001466
0.001343
0.001249
0.000120
0.000174
0.000419
0.003332
0.001892
0.001440
0.001211
0.000079
0.000115
0.000291
0.001715
0.001628
0.001209
0.001040
0.000048
0.000059
0.000097
-0.003086
0.000793
0.000724
0.000761
0.000042
0.000056
-0.000000
0.000191
0.000352
0.000621
0.000040
0.000038
0.000034
0.000096
0.000182
-0.000016
-0.000281
0.000039
0.000039
0.000042
0.000057
0.000071
0.000068
0.000048
0.000039
0.000040
0.000043
0.000050
0.000058
0.000061
0.000060
0.000041
0.000044
0.000048
0.000053
0.000056
