0.000048
0.000068
0.000833
0.001723
0.001708
0.001688
0.000054
0.000070
0.000190
0.008165
0.002260
0.001982
0.001770
0.000072
0.000102
0.000265
0.001603
0.002183
0.001831
0.001701
0.000088
0.000112
0.000167
-0.009972
0.001576
0.001498
0.001500
0.000095
0.000108
0.000157
-0.000201
0.000867
0.001196
0.001463
0.000094
0.000101
0.000116
0.000131
-0.002909
0.003870
0.004034
0.000091
0.000095
0.000099
0.000081
-0.000041
-0.000302
-0.000587
0.000087
0.000088
0.000086
0.000072
0.000031
-0.000034
-0.000099
0.000081
0.000078
0.000068
0.000051
0.000026
0.001678
0.001746
0.001784
0.000060
0.000066
0.000048
0.001787
0.001938
0.002247
0.001375
0.000215
0.000068
0.000053
0.001719
0.001920
0.002162
0.007458
0.000240
0.000105
0.000073
0.001510
0.001480
0.001520
0.001436
0.000176
0.000114
0.000089
0.001459
0.001193
0.000868
0.000133
0.000157
0.000108
0.000095
0.003999
0.003942
-0.002622
0.000132
0.000117
0.000101
0.000095
-0.000584
-0.000298
-0.000039
0.000082
0.000100
0.000096
0.000092
-0.000098
-0.000032
0.000032
0.000072
0.000087
0.000089
0.000088
0.000027
0.000052
0.000069
0.000079
0.000082
0.000071
0.000083
0.000119
0.000981
0.001732
0.001633
0.001561
0.000055
0.000077
0.000226
0.005760
0.002170
0.001804
0.001571
0.000064
0.000201
0.001485
0.002010
0.001601
0.001437
0.000051
0.000063
0.000104
-0.001733
0.001210
0.001138
0.001166
0.000055
0.000059
0.000086
-0.000108
0.000458
0.000754
0.001075
0.000055
0.000054
0.000058
0.000119
-0.000127
-0.002231
-0.003781
0.000054
0.000055
0.000061
0.000072
0.000054
-0.000009
-0.000085
0.000054
0.000056
0.000059
0.000063
0.000059
0.000045
0.000028
0.000056
0.000058
0.000060
0.000059
0.000056
0.001556
0.001654
0.001762
-0.000598
0.000116
0.000082
0.000070
0.001582
0.001771
0.002151
0.001580
0.000249
0.000076
0.000055
0.001447
0.001667
0.002014
0.013247
0.000179
0.000065
0.001171
0.001126
0.001132
0.001176
0.000109
0.000063
0.000051
0.001071
0.000752
0.000464
0.000141
0.000087
0.000059
0.000056
-0.003863
-0.002180
-0.000126
0.000121
0.000059
0.000054
0.000055
-0.000085
-0.000009
0.000054
0.000072
0.000061
0.000055
0.000054
0.000028
0.000045
0.000059
0.000063
0.000059
0.000056
0.000054
0.000056
0.000059
0.000060
0.000058
0.000056
0.000158
0.000190
0.000256
0.001601
0.001544
0.001415
0.001316
0.000127
0.000184
0.000441
0.003509
0.001993
0.001517
0.001275
0.000083
0.000121
0.000307
0.001807
0.001715
0.001273
0.001095
0.000051
0.000063
0.000102
-0.003249
0.000836
0.000762
0.000802
0.000044
0.000060
0.000001
0.000202
0.000371
0.000654
0.000043
0.000040
0.000036
0.000102
0.000192
-0.000015
-0.000295
0.000042
0.000041
0.000044
0.000060
0.000075
0.000072
0.000051
0.000042
0.000042
0.000046
0.000053
0.000061
0.000065
0.000064
0.000044
0.000047
0.000051
0.000056
0.000060
