0.000035
0.000049
0.000620
0.001284
0.001273
0.001258
0.000039
0.000051
0.000140
0.006098
0.001684
0.001478
0.001319
0.000053
0.000075
0.000196
0.001192
0.001628
0.001365
0.001268
0.000065
0.000082
0.000123
-0.007458
0.001174
0.001116
0.001118
0.000069
0.000079
0.000115
-0.000155
0.000644
0.000892
0.001091
0.000069
0.000074
0.000085
0.000096
-0.002184
0.002893
0.003014
0.000067
0.000070
0.000073
0.000059
-0.000032
-0.000228
-0.000441
0.000064
0.000064
0.000063
0.000052
0.000022
-0.000027
-0.000076
0.000059
0.000057
0.000050
0.000036
0.000018
0.001250
0.001302
0.001329
0.000043
0.000048
0.000035
0.001332
0.001446
0.001675
0.001014
0.000159
0.000049
0.000039
0.001281
0.001431
0.001612
0.005559
0.000178
0.000077
0.000053
0.001125
0.001103
0.001132
0.001072
0.000130
0.000084
0.000065
0.001088
0.000889
0.000645
0.000095
0.000116
0.000080
0.000070
0.002987
0.002947
-0.001969
0.000096
0.000086
0.000074
0.000070
-0.000438
-0.000225
-0.000031
0.000060
0.000073
0.000070
0.000068
-0.000075
-0.000026
0.000022
0.000053
0.000063
0.000065
0.000064
0.000019
0.000037
0.000050
0.000057
0.000060
0.000052
0.000060
0.000087
0.000730
0.001291
0.001217
0.001164
0.000040
0.000056
0.000167
0.004302
0.001618
0.001345
0.001171
0.000046
0.000149
0.001103
0.001499
0.001193
0.001071
0.000037
0.000046
0.000076
-0.001297
0.000900
0.000848
0.000869
0.000040
0.000043
0.000063
-0.000086
0.000339
0.000562
0.000801
0.000040
0.000039
0.000043
0.000087
-0.000100
-0.001678
-0.002833
0.000039
0.000040
0.000044
0.000052
0.000038
-0.000009
-0.000066
0.000039
0.000040
0.000043
0.000045
0.000042
0.000032
0.000019
0.000040
0.000042
0.000043
0.000043
0.000040
0.001160
0.001233
0.001313
-0.000449
0.000085
0.000060
0.000051
0.001179
0.001321
0.001603
0.001173
0.000184
0.000055
0.000040
0.001078
0.001243
0.001501
0.009868
0.000132
0.000047
0.000873
0.000838
0.000842
0.000876
0.000080
0.000046
0.000037
0.000798
0.000560
0.000343
0.000101
0.000063
0.000043
0.000040
-0.002894
-0.001639
-0.000099
0.000088
0.000043
0.000039
0.000040
-0.000066
-0.000009
0.000038
0.000052
0.000044
0.000040
0.000039
0.000019
0.000032
0.000042
0.000045
0.000043
0.000040
0.000039
0.000040
0.000043
0.000043
0.000042
0.000040
0.000117
0.000141
0.000189
0.001198
0.001151
0.001054
0.000980
0.000094
0.000136
0.000328
0.002619
0.001486
0.001130
0.000950
0.000061
0.000089
0.000228
0.001345
0.001278
0.000949
0.000816
0.000037
0.000045
0.000075
-0.002429
0.000621
0.000567
0.000597
0.000032
0.000043
-0.000004
0.000148
0.000276
0.000487
0.000031
0.000029
0.000026
0.000074
0.000139
-0.000018
-0.000224
0.000030
0.000029
0.000032
0.000044
0.000055
0.000052
0.000036
0.000030
0.000031
0.000033
0.000038
0.000044
0.000047
0.000046
0.000032
0.000034
0.000037
0.000040
0.000043
