0.000042
0.000060
0.000744
0.001539
0.001526
0.001509
0.000048
0.000062
0.000169
0.007302
0.002019
0.001771
0.001581
0.000064
0.000090
0.000236
0.001431
0.001951
0.001636
0.001520
0.000078
0.000100
0.000149
-0.008923
0.001408
0.001338
0.001340
0.000084
0.000096
0.000139
-0.000182
0.000773
0.001069
0.001308
0.000084
0.000089
0.000103
0.000116
-0.002607
0.003462
0.003608
0.000081
0.000084
0.000088
0.000072
-0.000037
-0.000271
-0.000526
0.000077
0.000078
0.000076
0.000063
0.000027
-0.000031
-0.000090
0.000072
0.000069
0.000060
0.000044
0.000022
0.001499
0.001560
0.001593
0.000053
0.000058
0.000042
0.001597
0.001732
0.002008
0.001223
0.000191
0.000060
0.000047
0.001536
0.001715
0.001932
0.006664
0.000214
0.000093
0.000064
0.001349
0.001323
0.001358
0.001284
0.000157
0.000101
0.000079
0.001304
0.001066
0.000775
0.000117
0.000140
0.000096
0.000085
0.003576
0.003527
-0.002350
0.000117
0.000104
0.000090
0.000084
-0.000523
-0.000268
-0.000036
0.000073
0.000089
0.000085
0.000082
-0.000088
-0.000030
0.000028
0.000064
0.000077
0.000079
0.000078
0.000023
0.000045
0.000061
0.000070
0.000073
0.000063
0.000073
0.000106
0.000876
0.001548
0.001459
0.001395
0.000049
0.000068
0.000201
0.005151
0.001939
0.001612
0.001404
0.000056
0.000179
0.001325
0.001796
0.001431
0.001284
0.000045
0.000055
0.000092
-0.001551
0.001080
0.001017
0.001042
0.000049
0.000052
0.000076
-0.000099
0.000408
0.000673
0.000961
0.000048
0.000047
0.000052
0.000106
-0.000116
-0.002001
-0.003386
0.000047
0.000048
0.000054
0.000063
0.000047
-0.000009
-0.000077
0.000048
0.000049
0.000052
0.000055
0.000052
0.000040
0.000024
0.000049
0.000051
0.000053
0.000052
0.000049
0.001390
0.001478
0.001574
-0.000536
0.000103
0.000072
0.000062
0.001414
0.001583
0.001922
0.001409
0.000222
0.000067
0.000048
0.001293
0.001490
0.001799
0.011834
0.000160
0.000058
0.001046
0.001005
0.001011
0.001051
0.000096
0.000056
0.000045
0.000957
0.000672
0.000413
0.000124
0.000076
0.000052
0.000049
-0.003459
-0.001955
-0.000115
0.000107
0.000052
0.000047
0.000048
-0.000078
-0.000009
0.000047
0.000063
0.000054
0.000048
0.000047
0.000024
0.000040
0.000052
0.000055
0.000052
0.000049
0.000048
0.000049
0.000052
0.000053
0.000051
0.000049
0.000141
0.000170
0.000228
0.001433
0.001380
0.001264
0.001175
0.000113
0.000164
0.000394
0.003137
0.001781
0.001355
0.001139
0.000074
0.000108
0.000274
0.001613
0.001532
0.001138
0.000979
0.000045
0.000055
0.000090
-0.002906
0.000746
0.000681
0.000716
0.000039
0.000053
-0.000001
0.000179
0.000332
0.000584
0.000038
0.000035
0.000031
0.000090
0.000170
-0.000017
-0.000266
0.000037
0.000036
0.000039
0.000053
0.000067
0.000063
0.000045
0.000037
0.000037
0.000040
0.000047
0.000054
0.000057
0.000056
0.000039
0.000041
0.000045
0.000049
0.000053
