0.000040
0.000057
0.000705
0.001460
0.001448
0.001431
0.000045
0.000059
0.000160
0.006928
0.001915
0.001680
0.001500
0.000061
0.000086
0.000223
0.001357
0.001850
0.001552
0.001441
0.000074
0.000094
0.000141
-0.008469
0.001335
0.001269
0.001271
0.000079
0.000091
0.000132
-0.000174
0.000733
0.001014
0.001240
0.000079
0.000085
0.000097
0.000110
-0.002476
0.003286
0.003424
0.000077
0.000080
0.000083
0.000068
-0.000036
-0.000258
-0.000500
0.000073
0.000074
0.000072
0.000060
0.000025
-0.000030
-0.000085
0.000068
0.000065
0.000057
0.000042
0.000021
0.001422
0.001480
0.001511
0.000050
0.000055
0.000040
0.001515
0.001643
0.001904
0.001158
0.000181
0.000057
0.000044
0.001457
0.001627
0.001832
0.006321
0.000203
0.000088
0.000061
0.001279
0.001254
0.001288
0.001218
0.000149
0.000096
0.000075
0.001237
0.001011
0.000734
0.000110
0.000132
0.000091
0.000080
0.003393
0.003347
-0.002232
0.000110
0.000098
0.000085
0.000080
-0.000497
-0.000255
-0.000034
0.000069
0.000084
0.000080
0.000077
-0.000084
-0.000029
0.000026
0.000060
0.000073
0.000074
0.000074
0.000022
0.000043
0.000058
0.000066
0.000069
0.000059
0.000069
0.000100
0.000831
0.001468
0.001384
0.001323
0.000046
0.000065
0.000190
0.004887
0.001840
0.001529
0.001332
0.000053
0.000170
0.001256
0.001704
0.001357
0.001218
0.000042
0.000052
0.000087
-0.001473
0.001024
0.000964
0.000988
0.000046
0.000049
0.000072
-0.000095
0.000386
0.000639
0.000911
0.000045
0.000045
0.000049
0.000100
-0.000111
-0.001902
-0.003215
0.000045
0.000046
0.000051
0.000060
0.000044
-0.000009
-0.000073
0.000045
0.000046
0.000049
0.000052
0.000049
0.000037
0.000023
0.000046
0.000048
0.000050
0.000049
0.000046
0.001319
0.001402
0.001493
-0.000509
0.000098
0.000068
0.000058
0.001341
0.001501
0.001823
0.001336
0.000210
0.000063
0.000046
0.001226
0.001413
0.001707
0.011223
0.000151
0.000054
0.000992
0.000954
0.000958
0.000997
0.000091
0.000053
0.000043
0.000908
0.000637
0.000392
0.000117
0.000072
0.000049
0.000046
-0.003284
-0.001858
-0.000110
0.000101
0.000049
0.000045
0.000046
-0.000074
-0.000009
0.000044
0.000060
0.000051
0.000046
0.000045
0.000022
0.000037
0.000049
0.000052
0.000049
0.000046
0.000045
0.000047
0.000049
0.000050
0.000048
0.000047
0.000134
0.000161
0.000216
0.001360
0.001308
0.001199
0.001115
0.000107
0.000155
0.000373
0.002976
0.001689
0.001285
0.001081
0.000070
0.000102
0.000260
0.001530
0.001453
0.001079
0.000928
0.000043
0.000052
0.000086
-0.002758
0.000707
0.000646
0.000679
0.000037
0.000050
-0.000002
0.000170
0.000315
0.000554
0.000036
0.000033
0.000030
0.000085
0.000160
-0.000017
-0.000253
0.000035
0.000034
0.000037
0.000050
0.000063
0.000060
0.000042
0.000035
0.000035
0.000038
0.000044
0.000051
0.000054
0.000053
0.000037
0.000039
0.000042
0.000046
0.000050
