0.000027
0.000038
0.000486
0.001009
0.001001
0.000989
0.000030
0.000040
0.000109
0.004798
0.001324
0.001162
0.001037
0.000041
0.000058
0.000153
0.000936
0.001280
0.001073
0.000997
0.000050
0.000064
0.000096
-0.005874
0.000922
0.000877
0.000879
0.000054
0.000062
0.000090
-0.000124
0.000505
0.000701
0.000858
0.000054
0.000058
0.000067
0.000074
-0.001724
0.002278
0.002372
0.000052
0.000054
0.000057
0.000046
-0.000026
-0.000180
-0.000348
0.000050
0.000050
0.000049
0.000040
0.000016
-0.000022
-0.000061
0.000046
0.000044
0.000038
0.000028
0.000013
0.000983
0.001023
0.001044
0.000033
0.000037
0.000027
0.001048
0.001137
0.001317
0.000793
0.000124
0.000038
0.000030
0.001007
0.001125
0.001267
0.004370
0.000139
0.000060
0.000041
0.000884
0.000867
0.000890
0.000844
0.000102
0.000065
0.000051
0.000855
0.000699
0.000506
0.000072
0.000090
0.000062
0.000055
0.002350
0.002321
-0.001554
0.000075
0.000067
0.000058
0.000054
-0.000346
-0.000178
-0.000025
0.000046
0.000057
0.000055
0.000053
-0.000060
-0.000021
0.000017
0.000041
0.000049
0.000050
0.000050
0.000014
0.000028
0.000039
0.000044
0.000047
0.000040
0.000047
0.000068
0.000573
0.001014
0.000957
0.000915
0.000031
0.000044
0.000131
0.003385
0.001272
0.001057
0.000921
0.000036
0.000116
0.000866
0.001178
0.000938
0.000842
0.000028
0.000035
0.000059
-0.001022
0.000707
0.000666
0.000683
0.000031
0.000033
0.000049
-0.000070
0.000265
0.000441
0.000630
0.000031
0.000030
0.000033
0.000068
-0.000081
-0.001326
-0.002234
0.000030
0.000031
0.000034
0.000040
0.000029
-0.000008
-0.000053
0.000030
0.000031
0.000033
0.000035
0.000033
0.000025
0.000014
0.000031
0.000032
0.000033
0.000033
0.000031
0.000911
0.000969
0.001032
-0.000354
0.000066
0.000046
0.000040
0.000927
0.001038
0.001260
0.000920
0.000144
0.000043
0.000031
0.000848
0.000977
0.001180
0.007754
0.000103
0.000037
0.000686
0.000659
0.000661
0.000689
0.000062
0.000036
0.000029
0.000628
0.000440
0.000269
0.000078
0.000049
0.000033
0.000031
-0.002281
-0.001295
-0.000080
0.000068
0.000033
0.000030
0.000031
-0.000053
-0.000008
0.000029
0.000040
0.000034
0.000031
0.000030
0.000014
0.000025
0.000033
0.000035
0.000033
0.000031
0.000030
0.000031
0.000033
0.000033
0.000032
0.000031
0.000092
0.000110
0.000148
0.000944
0.000904
0.000829
0.000770
0.000073
0.000107
0.000257
0.002060
0.001168
0.000889
0.000747
0.000047
0.000070
0.000178
0.001056
0.001005
0.000746
0.000641
0.000029
0.000035
0.000058
-0.001912
0.000488
0.000446
0.000469
0.000025
0.000033
-0.000005
0.000115
0.000217
0.000383
0.000024
0.000022
0.000020
0.000057
0.000108
-0.000016
-0.000179
0.000023
0.000023
0.000025
0.000034
0.000042
0.000040
0.000028
0.000023
0.000024
0.000025
0.000030
0.000034
0.000036
0.000035
0.000024
0.000026
0.000028
0.000031
0.000033
