-141.743312
-84.699355
-0.415855
0.686336
0.670402
0.354495
-67.236566
-74.494952
-68.252728
-0.261570
3.599844
1.178595
0.510901
-30.794236
-42.110770
-38.564661
-0.185837
3.722630
1.384678
0.536308
-14.618247
-22.580477
-24.086855
-0.122536
1.775590
1.036626
0.498783
-7.888892
-13.363848
-17.488520
-0.115141
1.853320
0.793837
0.308393
-5.435817
-7.711790
-7.860495
-3.180734
-0.147397
0.102660
0.063078
-2.926322
-4.033417
-4.181349
-2.653214
-1.151923
-0.489540
-0.183721
-1.828804
-2.290152
-2.491268
-1.807238
-1.088438
-0.648368
-0.341173
-1.785268
-1.822864
-1.561979
-1.157859
-0.717722
-0.403781
-0.673400
-0.715946
0.369043
87.954175
152.889777
-0.486065
-1.212359
-3.371493
0.296351
60.635177
75.625447
63.196006
-0.534800
-1.247326
-3.622703
0.197848
40.249735
39.142256
30.164856
-0.519511
-1.016801
-1.800365
0.119326
25.431912
22.358057
15.645076
-0.288705
-0.778367
-2.020576
0.104436
17.163657
14.112374
8.634215
-0.061900
-0.100612
0.149667
3.023195
7.545165
7.294174
5.118059
0.191566
0.448731
1.149219
2.683234
4.330200
4.499938
2.969221
0.356571
0.623560
1.240675
1.906370
2.624848
2.400120
1.911189
0.733726
1.095072
1.512227
1.648337
1.650216
-30.403034
-41.496573
-41.589836
-0.211546
1.247380
0.991899
0.558360
-85.251861
-67.413113
-52.521425
-0.230392
3.515968
1.423980
0.618579
-107.414337
-52.170756
-0.245460
3.936052
1.558032
0.690469
-71.656859
-65.646970
-45.254175
-0.224160
2.299003
1.287962
0.621829
-26.567565
-31.087126
-34.071805
-0.204284
-2.618350
0.943234
0.383408
-11.840885
-15.726276
-14.792949
-5.475504
-0.628906
-0.100615
-0.045930
-6.207197
-8.672219
-8.391124
-4.842115
-2.462750
-1.012543
-0.451555
-3.792261
-5.138803
-4.556141
-3.776529
-2.428255
-1.383256
-0.642634
-3.243501
-3.232750
-3.000852
-2.139477
-1.285549
-0.569571
-0.935761
-1.342448
0.229293
40.891328
39.793596
28.933704
-0.676088
-1.317905
-3.735444
0.230526
48.176833
69.930014
78.444574
-0.769149
-1.365961
-3.821889
0.252379
59.408962
99.546265
-0.583967
-1.290263
-2.087353
0.217272
48.713314
65.518338
79.155196
-0.380774
-0.972562
2.887440
0.208078
34.438909
33.002709
23.896364
0.043991
0.093550
0.677063
5.816271
14.582330
16.989270
12.542027
0.449587
0.999485
2.420289
5.218092
8.243389
8.347442
6.937551
0.709406
1.394254
2.270421
3.878628
4.481085
4.925502
3.686872
1.252391
2.195462
2.633347
3.240489
3.408359
-10.103193
-14.449491
-16.681689
-0.081233
1.836376
1.528623
0.863122
-14.194574
-21.527173
-24.487571
-0.094741
4.254582
2.121169
1.070143
-27.772578
-32.401478
-37.664652
-0.146093
4.614357
2.387428
1.085613
-75.492592
-67.902190
-52.254559
-0.219050
3.154368
2.111524
0.956795
-101.274875
-57.492364
-0.317498
-4.521894
1.411084
0.509155
-80.300398
-62.563192
-37.049102
-12.598657
-1.760897
-0.461897
-0.238277
-22.989467
-24.129827
-21.110954
-10.611710
-4.931344
-2.361814
-0.962642
-9.602504
-12.185450
-11.769778
-8.335700
-5.536457
-2.800665
-1.380678
-7.731757
-8.492971
-6.557806
-4.585167
-3.096159
