0.000028
0.000040
0.000510
0.001057
0.001048
0.001036
0.000032
0.000042
0.000115
0.005026
0.001387
0.001217
0.001086
0.000043
0.000061
0.000161
0.000980
0.001340
0.001124
0.001044
0.000053
0.000067
0.000101
-0.006151
0.000966
0.000919
0.000921
0.000057
0.000065
0.000094
-0.000130
0.000530
0.000734
0.000899
0.000057
0.000061
0.000070
0.000078
-0.001805
0.002386
0.002484
0.000055
0.000057
0.000060
0.000048
-0.000027
-0.000189
-0.000364
0.000052
0.000052
0.000051
0.000042
0.000017
-0.000023
-0.000063
0.000048
0.000046
0.000040
0.000029
0.000014
0.001030
0.001072
0.001094
0.000035
0.000039
0.000028
0.001097
0.001191
0.001379
0.000831
0.000130
0.000040
0.000031
0.001055
0.001179
0.001327
0.004578
0.000146
0.000063
0.000043
0.000927
0.000908
0.000932
0.000884
0.000107
0.000068
0.000053
0.000896
0.000732
0.000531
0.000076
0.000095
0.000065
0.000057
0.002462
0.002431
-0.001627
0.000078
0.000070
0.000061
0.000057
-0.000362
-0.000187
-0.000026
0.000049
0.000060
0.000057
0.000055
-0.000062
-0.000022
0.000018
0.000043
0.000052
0.000053
0.000053
0.000015
0.000030
0.000041
0.000047
0.000049
0.000042
0.000049
0.000071
0.000601
0.001063
0.001002
0.000958
0.000032
0.000046
0.000137
0.003546
0.001332
0.001108
0.000964
0.000038
0.000122
0.000907
0.001234
0.000983
0.000882
0.000030
0.000037
0.000062
-0.001070
0.000741
0.000698
0.000715
0.000033
0.000035
0.000051
-0.000073
0.000278
0.000462
0.000660
0.000032
0.000032
0.000035
0.000071
-0.000085
-0.001388
-0.002339
0.000032
0.000032
0.000036
0.000042
0.000031
-0.000008
-0.000055
0.000032
0.000033
0.000035
0.000037
0.000034
0.000026
0.000015
0.000033
0.000034
0.000035
0.000035
0.000033
0.000955
0.001015
0.001081
-0.000370
0.000070
0.000049
0.000041
0.000971
0.001088
0.001320
0.000964
0.000151
0.000045
0.000032
0.000888
0.001023
0.001236
0.008124
0.000109
0.000039
0.000718
0.000690
0.000693
0.000721
0.000065
0.000037
0.000030
0.000658
0.000461
0.000282
0.000082
0.000051
0.000035
0.000033
-0.002389
-0.001356
-0.000084
0.000072
0.000035
0.000032
0.000032
-0.000055
-0.000008
0.000031
0.000042
0.000036
0.000032
0.000032
0.000015
0.000026
0.000034
0.000037
0.000035
0.000033
0.000032
0.000033
0.000035
0.000035
0.000034
0.000033
0.000096
0.000116
0.000155
0.000988
0.000947
0.000868
0.000807
0.000077
0.000112
0.000269
0.002158
0.001223
0.000931
0.000782
0.000050
0.000073
0.000187
0.001106
0.001052
0.000781
0.000672
0.000030
0.000037
0.000061
-0.002003
0.000511
0.000467
0.000491
0.000026
0.000035
-0.000005
0.000121
0.000227
0.000401
0.000025
0.000023
0.000021
0.000060
0.000113
-0.000017
-0.000187
0.000024
0.000024
0.000026
0.000035
0.000044
0.000042
0.000029
0.000024
0.000025
0.000027
0.000031
0.000036
0.000038
0.000037
0.000026
0.000027
0.000030
0.000033
0.000035
