0.000038
0.000054
0.000673
0.001393
0.001381
0.001365
0.000043
0.000056
0.000152
0.006611
0.001827
0.001603
0.001431
0.000058
0.000081
0.000213
0.001294
0.001765
0.001480
0.001375
0.000070
0.000090
0.000134
-0.008083
0.001273
0.001211
0.001213
0.000076
0.000086
0.000126
-0.000167
0.000699
0.000967
0.001183
0.000075
0.000081
0.000093
0.000105
-0.002365
0.003136
0.003267
0.000073
0.000076
0.000079
0.000064
-0.000034
-0.000246
-0.000477
0.000069
0.000070
0.000068
0.000057
0.000024
-0.000029
-0.000082
0.000065
0.000062
0.000054
0.000040
0.000020
0.001356
0.001412
0.001442
0.000047
0.000052
0.000038
0.001445
0.001568
0.001817
0.001103
0.000173
0.000054
0.000042
0.001390
0.001552
0.001748
0.006030
0.000193
0.000084
0.000058
0.001221
0.001197
0.001229
0.001163
0.000142
0.000091
0.000071
0.001180
0.000965
0.000700
0.000104
0.000126
0.000087
0.000076
0.003238
0.003195
-0.002132
0.000105
0.000093
0.000081
0.000076
-0.000475
-0.000244
-0.000033
0.000065
0.000080
0.000076
0.000074
-0.000081
-0.000028
0.000025
0.000057
0.000069
0.000071
0.000070
0.000021
0.000040
0.000055
0.000062
0.000065
0.000056
0.000066
0.000095
0.000792
0.001400
0.001320
0.001262
0.000044
0.000061
0.000181
0.004664
0.001755
0.001459
0.001271
0.000051
0.000162
0.001198
0.001626
0.001294
0.001161
0.000040
0.000050
0.000083
-0.001406
0.000977
0.000920
0.000943
0.000044
0.000047
0.000069
-0.000092
0.000368
0.000609
0.000869
0.000043
0.000043
0.000046
0.000095
-0.000107
-0.001817
-0.003069
0.000043
0.000043
0.000048
0.000057
0.000042
-0.000009
-0.000070
0.000043
0.000044
0.000047
0.000049
0.000046
0.000035
0.000021
0.000044
0.000046
0.000047
0.000047
0.000044
0.001258
0.001337
0.001424
-0.000486
0.000093
0.000065
0.000055
0.001279
0.001432
0.001739
0.001273
0.000200
0.000060
0.000043
0.001170
0.001348
0.001628
0.010706
0.000144
0.000052
0.000947
0.000910
0.000914
0.000951
0.000087
0.000050
0.000041
0.000866
0.000608
0.000373
0.000111
0.000069
0.000047
0.000044
-0.003135
-0.001774
-0.000106
0.000096
0.000047
0.000042
0.000043
-0.000071
-0.000009
0.000042
0.000057
0.000049
0.000043
0.000043
0.000021
0.000035
0.000046
0.000050
0.000047
0.000044
0.000043
0.000044
0.000047
0.000047
0.000046
0.000044
0.000127
0.000153
0.000206
0.001298
0.001248
0.001144
0.001063
0.000102
0.000148
0.000356
0.002840
0.001611
0.001226
0.001031
0.000066
0.000097
0.000247
0.001459
0.001386
0.001029
0.000885
0.000040
0.000050
0.000081
-0.002633
0.000674
0.000616
0.000648
0.000035
0.000047
-0.000003
0.000161
0.000300
0.000529
0.000034
0.000032
0.000028
0.000081
0.000152
-0.000017
-0.000242
0.000033
0.000032
0.000035
0.000048
0.000060
0.000057
0.000040
0.000033
0.000033
0.000036
0.000042
0.000048
0.000051
0.000050
0.000035
0.000037
0.000040
0.000044
0.000047
