0.000072
0.000101
0.001184
0.002440
0.002416
0.002388
0.000080
0.000103
0.000273
0.011508
0.003196
0.002801
0.002503
0.000106
0.000147
0.000379
0.002277
0.003086
0.002589
0.002406
0.000128
0.000162
0.000242
-0.014028
0.002232
0.002119
0.002122
0.000137
0.000156
0.000227
-0.000265
0.001232
0.001692
0.002069
0.000137
0.000146
0.000167
0.000192
-0.004063
0.005444
0.005685
0.000133
0.000138
0.000145
0.000120
-0.000050
-0.000417
-0.000819
0.000127
0.000128
0.000126
0.000106
0.000050
-0.000041
-0.000133
0.000119
0.000114
0.000101
0.000077
0.000042
0.002373
0.002470
0.002525
0.000091
0.000097
0.000072
0.002527
0.002740
0.003178
0.001978
0.000309
0.000099
0.000079
0.002430
0.002714
0.003057
0.010549
0.000344
0.000151
0.000107
0.002136
0.002095
0.002153
0.002026
0.000254
0.000164
0.000130
0.002063
0.001688
0.001234
0.000203
0.000228
0.000157
0.000138
0.005636
0.005548
-0.003662
0.000194
0.000168
0.000146
0.000138
-0.000815
-0.000413
-0.000048
0.000122
0.000146
0.000139
0.000134
-0.000131
-0.000039
0.000051
0.000107
0.000127
0.000129
0.000128
0.000044
0.000078
0.000103
0.000115
0.000120
0.000104
0.000121
0.000173
0.001392
0.002452
0.002310
0.002209
0.000082
0.000112
0.000324
0.008119
0.003070
0.002551
0.002223
0.000094
0.000289
0.002111
0.002843
0.002265
0.002033
0.000076
0.000092
0.000151
-0.002436
0.001716
0.001613
0.001651
0.000082
0.000087
0.000127
-0.000136
0.000655
0.001067
0.001520
0.000081
0.000079
0.000086
0.000175
-0.000161
-0.003105
-0.005299
0.000080
0.000081
0.000090
0.000106
0.000082
-0.000005
-0.000112
0.000080
0.000082
0.000088
0.000093
0.000088
0.000070
0.000046
0.000083
0.000086
0.000089
0.000089
0.000084
0.002202
0.002340
0.002494
-0.000838
0.000169
0.000119
0.000102
0.002238
0.002504
0.003042
0.002249
0.000357
0.000111
0.000081
0.002048
0.002358
0.002849
0.018755
0.000258
0.000096
0.001658
0.001595
0.001605
0.001665
0.000158
0.000093
0.000076
0.001515
0.001066
0.000664
0.000214
0.000128
0.000087
0.000082
-0.005417
-0.003037
-0.000160
0.000179
0.000086
0.000079
0.000081
-0.000113
-0.000005
0.000083
0.000107
0.000091
0.000081
0.000080
0.000046
0.000070
0.000089
0.000093
0.000088
0.000082
0.000080
0.000085
0.000089
0.000089
0.000086
0.000083
0.000228
0.000273
0.000366
0.002250
0.002186
0.002003
0.001862
0.000183
0.000264
0.000629
0.004952
0.002820
0.002145
0.001806
0.000121
0.000175
0.000439
0.002562
0.002426
0.001803
0.001552
0.000076
0.000092
0.000149
-0.004572
0.001188
0.001082
0.001137
0.000066
0.000090
0.000017
0.000295
0.000527
0.000925
0.000064
0.000060
0.000054
0.000150
0.000286
-0.000002
-0.000400
0.000063
0.000062
0.000066
0.000090
0.000112
0.000108
0.000079
0.000063
0.000064
0.000069
0.000079
0.000091
0.000096
0.000095
0.000066
0.000070
0.000076
0.000083
0.000089
