-1.063472623844908260e-01
-2.610164237104942164e-02
-1.294884411424192944e-03
5.918664698280590164e-03
9.483616390826032395e-04
-7.783813112109878342e-04
3.532042449848833091e-03
3.748980520772309671e-03
8.461594811740417305e-03
1.338220057618109103e-02
1.490416819804021853e-02
4.640037787977988049e-03
2.657930044358035315e-02
3.868371504406313555e-02
2.193989376741520281e-02
1.207640565857603064e-02
1.209357954466488277e-02
5.900602307777180061e-04
-2.508762409510832680e-03
4.908547387707070525e-03
1.600259294880275462e-02
5.081649159035407648e-02
9.624754601514129426e-02
8.840051352127957507e-02
4.846804349641281595e-02
2.544667621959923257e-02
2.348641557883404674e-02
1.523625165483002974e-04
-6.313956132774842245e-03
-1.324325591096294982e-02
-6.411677400197074439e-03
2.686081120973380504e-03
2.592834108448625885e-02
5.494477621427364816e-02
5.917037942843444281e-02
4.010914916618123216e-02
2.905404937978930263e-02
1.837217208062894014e-02
1.256600104417485500e-02
8.168439033085884288e-03
7.820402613428600186e-03
1.022295139331202973e-02
1.278197501309797507e-02
1.675508154350325435e-02
1.968497792211464439e-02
2.341211237644563042e-02
2.745719080633870351e-02
3.717446402104299802e-02
9.745887190495787500e-04
-9.180919012012987018e-03
-1.662382994991899732e-02
-2.297812850747027458e-02
-3.739592670976153027e-02
-3.028825212343921186e-02
-2.059458810188150024e-02
-1.143032654744673832e-02
-4.247807392022177886e-03
4.332722540773181058e-02
3.399969775201385630e-02
2.685898280097438404e-02
2.148104867547907457e-02
1.703038101725783474e-02
1.383982807521874983e-02
1.161475314720480240e-02
1.617195191728089051e-02
1.846076375802362113e-02
2.808673516573382406e-02
4.435701148667203775e-02
-7.644829914495696738e-03
-1.335217197159732638e-02
-2.274351313706962641e-02
-3.469499875511052045e-02
-4.973763406194564585e-02
-6.107977721125398829e-02
-1.218456514868550278e-01
-8.122034626467211638e-02
-4.971120186668392948e-02
-3.157291562593563666e-02
-2.110918972208632172e-02
-1.351349122566975619e-02
-8.952244570581670280e-03
-5.880918666392041111e-03
3.496943824730928269e-02
2.886753450868834864e-02
2.452984299936421600e-02
2.145035317438365174e-02
-1.325079237514556474e-03
-2.172121133217817801e-03
-3.947844891378848170e-03
-5.830655800607369155e-03
-9.438378656842615760e-03
-1.215014572178748503e-02
-1.748175305545615968e-02
-2.550997014381877620e-02
-3.765780942688709554e-02
-6.012664240560067208e-02
-1.143643699721048068e-01
-5.035604224662179051e-01
9.875161908154340279e-03
1.539212611893601285e-02
2.678199036439064817e-02
3.728514677027222612e-02
3.382279835324982636e-02
2.927615663579529598e-02
7.871750656914811017e-02
6.490687067247513653e-02
-5.108599427202151384e-03
6.892734556507205956e-03
8.914516219662107013e-03
1.135538723907197380e-02
1.491839991900548515e-02
1.898302626086068381e-02
2.134851910147080728e-02
2.527909623062411446e-02
3.254409128242023719e-02
2.538652407570007874e-02
3.724121416505545706e-02
4.955404845663725216e-02
4.613831418967136166e-02
2.758978881973638692e-02
6.971077586847770902e-04
9.999999967313189700e+03
3.029294747553598345e-06
-1.853519726457251998e-06
3.035593206003741685e-07
3.111519208073390314e-07
1.909332005506222073e-06
1.381782076988201830e-06
3.314339194248537524e-07
8.388447304546086042e-06
1.448721812441601607e-06
6.406390375475258016e-07
-4.096547152207882661e-08
2.375864545373689777e-07
3.773102175518147292e-07
5.967180503107854736e-07
3.716393795792261750e-05
6.073902866029411108e-06
4.473348738682974093e-07
-3.767084165983976100e-07
-6.081531471682986010e-07
2.902952708124583261e-07
6.940544089814880456e-08
1.357289380213836226e-05
4.605830542001002775e-05
1.217091165079664246e-05
6.792640616337245255e-06
2.605263479416754230e-06
1.381988400316663183e-06
-6.152831451323844878e-07
-1.058479833732943660e-06
2.668347677639903978e-05
3.269242264393942290e-05
4.908857584934680530e-06
-2.391588448457306358e-05
4.177644606608441400e-06
2.372981213476779087e-06
-5.066212346196177470e-06
2.132883601293616412e-06
-7.334577008723991746e-07
5.524316957205608974e-06
-2.247092006308805406e-06
-2.270762332435903141e-06
1.919097786180557131e-06
-1.026043792056982910e-06
-7.745767735397426142e-07
4.902908438380850159e-07
1.064509219055626580e-06
3.851578920035978696e-05
3.171330228248189537e-06
1.776458346194966810e-06
3.569442990892651984e-07
-4.639598350235197926e-07
8.579932291469373289e-07
4.911435630734089543e-08
4.477476643451194110e-08
3.523355955934283704e-08
-5.045859779076191612e-06
-3.954147806841496696e-08
-1.788088382556878714e-08
8.030618403430259469e-08
-4.775961541179693623e-07
-2.458989873379698282e-07
-4.785621472101878092e-08
4.964987756749672390e-08
1.531270882700394706e-07
-1.099357467485514192e-06
-8.757185846283997753e-07
-4.665138588259517584e-07
-2.209263737713104572e-07
-8.572539292591254724e-08
-2.869184996824909067e-08
-8.518794934026484300e-07
-6.558374566027249926e-07
-1.077127733132390343e-07
-6.442159461309273044e-07
-2.470384692351279012e-07
-6.933455272038828139e-08
-4.407373611384180715e-08
2.094099002124258434e-06
2.025662160406972116e-07
2.016756583975308948e-07
8.327355498323680324e-09
1.456874596747279721e-06
9.023087049731096142e-07
2.005535419881708309e-07
7.575003151926352921e-06
9.888438027552730542e-07
7.061831607260978341e-07
-1.212699418434425047e-07
7.716748222485873311e-08
4.518788700080803478e-07
1.994294969892459720e-07
2.516748455621214904e-05
3.256751626994771969e-06
9.238607725746959300e-09
-6.115857246714943548e-07
-5.728469535378246378e-07
1.789240448052086528e-07
-2.068966909886976627e-07
8.436941854353452507e-06
2.476210674715215810e-05
7.778061488870926230e-06
4.262230672346045907e-06
1.554010859277336768e-06
1.040039392670044519e-06
-5.287071511268456349e-07
-6.352569008703005352e-07
-4.505564182531664359e-06
3.609989367613598360e-05
-2.424655048061897188e-06
-2.782162870646019416e-05
1.567893379552119442e-06
2.054667845841058962e-06
-3.799542718149645265e-06
-6.292160949538432783e-06
-2.335306867660104564e-06
5.623453111733897597e-06
-1.818440906732932713e-06
-9.562586104291348975e-07
1.213011219849285428e-06
-6.414993253551817798e-07
-2.964547860964217123e-07
2.743090394978609067e-07
1.634113643528830402e-06
-2.987007342466909234e-06
1.397321314157586427e-06
9.251985280078238384e-07
9.199958871617812698e-08
-6.965945695666780880e-07
5.453770359766608794e-07
1.474278067249076569e-07
-9.725235689196409837e-08
-4.269609013115283872e-07
-2.273464888464038556e-06
-4.343701822436939891e-08
-1.753888790182790182e-08
3.077303534776155416e-08
-9.304048440389548489e-08
-1.132211260556752761e-07
-5.505466659709405686e-09
-2.013468328830857754e-08
4.096046659213665965e-08
-5.464977506544018467e-07
-5.184642985979045419e-07
-2.828521258180561096e-07
-1.147441390326057521e-07
-3.770606860366943836e-08
2.040022438634338979e-08
-5.215628278362613923e-07
-1.418118619793070929e-07
4.422016148617890097e-07
-4.003273509912942067e-07
-1.260955969017106808e-07
-4.444785418630076926e-08
1.527346998333144190e-09
1.206092153350747870e-06
6.704233517277436794e-07
-1.243720262599442325e-07
8.199445683908907455e-08
4.759287225403644275e-07
2.292992044265485798e-07
-7.267910654533291321e-08
-2.522071950360248258e-06
1.724160575544071467e-07
-9.458877724856368371e-08
-6.376287620192983572e-08
-4.998383781117218989e-08
1.230790859892074048e-07
-1.616169474330557887e-07
1.404923389631244782e-05
7.293390810717866176e-07
-3.846119491205223363e-07
-4.943114229095878199e-07
-2.874784133041023422e-07
-2.660875080926644338e-07
5.406305542040570553e-08
1.889543703508324063e-06
3.372754081947696781e-06
5.662516977010870461e-07
6.791665312642133218e-08
-4.524279068468257513e-08
8.398910094539318314e-08
-1.458436151521364703e-06
6.256780807996684514e-08
-9.423230758026371337e-06
4.514048298323242652e-05
8.584702656009268707e-06
-2.362136448274495978e-05
-1.627367115049138191e-07
-5.341673598914401053e-07
-1.047335144017781466e-06
-5.025826795752728660e-06
1.111944243752384614e-06
3.784995341358084143e-06
-4.593535003274295701e-07
1.175204631546138633e-06
1.214465401918818290e-07
6.428669122316148666e-08
1.935329088752208012e-07
5.934424750346251488e-08
1.841971760346634206e-06
-1.104628684654733104e-05
2.625067214786589039e-07
-6.872509195494360887e-09
-1.133523758953394267e-07
6.122235190951803700e-07
-9.576628885581297103e-08
2.680550967978158642e-07
-3.411192969026810139e-08
4.913396484165349085e-08
1.454476463962620829e-07
-7.710547760334234696e-09
9.258228712385779997e-09
-3.600826599024585907e-08
1.679290239217637510e-07
2.456481372720647040e-08
3.124707787411111146e-09
-1.453771940863554137e-08
9.607129666900173816e-09
2.633401620793317092e-07
4.970082068088546101e-08
1.581490169070843546e-08
4.222451751994280109e-09
-4.352551896200508412e-09
7.888288258136927009e-10
1.165467116410770997e-07
4.544798697331554871e-07
9.257915724293779599e-07
9.791222893213206123e-09
1.089656535945145947e-08
-2.315818484781897437e-08
2.329645149026456953e-08
-5.619330353879412499e-07
8.237645580929246259e-07
7.353682346718660567e-08
-4.371648747937859980e-08
5.178656593894011566e-07
2.292642812388073813e-07
-2.802476459850080683e-08
-1.818128199917697432e-06
-3.328073696083055639e-07
-4.845787890317887394e-08
-1.101518378988797383e-07
-5.115507062311417568e-08
-3.665866725895128558e-07
3.992193157938183148e-08
-4.542087580574165882e-06
-1.713004596002576352e-06
-5.768117263718446075e-07
-5.383754780119711053e-07
-2.652390955540294914e-07
-7.275646829535490625e-08
4.143800490650467847e-07
2.841953448216031275e-08
-2.090065217190016297e-05
-5.428333106490093899e-07
-2.665613038789330959e-07
-1.825336542139645996e-07
-8.665859019592748579e-08
-1.179215985831931555e-07
2.642523612173076149e-07
2.390988734036066473e-05
-2.641195889861642262e-05
4.707211582544922014e-07
-7.786254663536118351e-06
1.123408609615485806e-07
1.711093347553900384e-07
-1.015659751378979138e-06
1.417065505293842073e-05
2.403788073099830461e-06
1.385163267871649144e-06
8.561774873711610733e-08
1.141628565804164155e-06
4.634997203539358186e-08
5.779459216545811693e-08
8.728210057254415753e-08
2.343710599240028084e-07
1.153849421631343938e-05
-1.472782623717647850e-05
-5.925069754548594868e-07
1.461196265943782730e-08
-2.017794356113294723e-07
4.718519981341965167e-07
-1.112751346656602226e-07
2.530963481890628861e-07
-7.160883225294366761e-08
8.351297096958798559e-08
2.553070385078625619e-07
1.850493517872365580e-09
-1.417021648965636951e-09
-1.907721987351543866e-08
-1.561113672111715824e-07
3.661826494982714075e-08
1.057966615750332694e-08
4.061009018558497160e-09
-9.042554076825286540e-09
1.031252337328777513e-07
8.924474703793578486e-08
2.153755798228409622e-08
1.277015417860965932e-08
-1.188660465680792776e-08
-1.977033005473691381e-08
8.777148154902856842e-08
-4.197935879993145596e-07
-5.049500565938619162e-07
2.265776143540733064e-08
1.847170693249896916e-08
1.033703882280994973e-08
1.884250111292690415e-09
-1.975205790441444129e-07
1.306309344119782005e-06
2.347400044496833439e-07
-1.392728905920067890e-07
1.346180954481037708e-06
9.767093246754518640e-08
6.999435497160758990e-08
-5.565679678593617738e-08
-1.392456271937823962e-07
-1.565151326700711925e-08
-8.644977254141441051e-08
-8.264561271678779429e-08
-5.838507588914809221e-07
-4.565928851248623153e-09
1.674977220742624286e-06
-1.703627145253027147e-06
-5.347018492677619119e-07
-3.947444259880668023e-07
-1.581539126040574432e-07
4.406560447427437886e-08
5.989873184527328147e-07
-1.281976122767830453e-06
-6.996937087430532705e-06
-1.432290365723824723e-06
-1.484445464069319791e-06
1.452464431436965137e-06
-1.021232518551848308e-05
4.410604930735474954e-07
4.784844026752907843e-07
1.230125719286434292e-05
-2.451402569520017504e-05
5.379459574052672757e-06
8.076621581235756005e-05
-6.614808492844885361e-06
1.464911529167642161e-06
-1.033930866083645681e-06
1.413676772337932658e-05
3.471659935147010378e-06
-2.858220157660580846e-07
-1.812935799082988041e-09
-1.000318370072118498e-05
3.402802586642374237e-07
1.657996134523379754e-07
1.705853828656823078e-07
-8.730723606920808228e-08
-7.468222464000905570e-06
4.107205079809721714e-06
-7.968200244427826005e-07
-2.969721442803980151e-07
-1.659092128632717682e-07
-2.658675947976520300e-08
-5.705847225737821775e-07
-2.790702497197395391e-08
3.876607480350976890e-08
9.796649762342589493e-06
3.479737157683092169e-07
1.249483408742818689e-08
6.986768291433081198e-09
-2.778551760452641160e-09
2.579570178369881362e-08
1.308061041387353083e-08
2.683618919140508090e-09
1.098502956473231245e-08
-3.426397929252677057e-08
2.839933712292654977e-08
4.511327882956447195e-08
3.970451464764041980e-08
3.022531931055042918e-08
2.294033184143924944e-08
-3.871515054459332295e-09
5.087022100570994096e-08
-2.691845031747699469e-06
-4.627240734604696917e-06
3.307122960307165831e-08
1.193395251060857740e-08
1.107458628770460578e-08
-7.414743614026820823e-09
-1.004211493858964816e-06
-1.297881073541698905e-06
-2.840887574467041484e-07
-8.701509485597601259e-08
1.473127876221375695e-06
-1.294023419297159650e-07
-4.547400537370613772e-08
-1.339303410611666543e-06
-5.480069256959605025e-08
-2.725540280507722556e-08
-8.512489640596503397e-08
6.722037245823254698e-07
3.809080443592817162e-07
-6.731131840495877764e-08
-1.661831309965348588e-05
-2.902436703215073729e-06
-1.203237406033222465e-06
5.459879283269163715e-07
5.347411459961440836e-06
4.072355846788949666e-06
-4.334540240510763439e-07
-8.107768853628951711e-06
-3.975106533975409414e-08
-2.966006183436627848e-06
-5.380071447912303435e-06
1.316637638871469946e-05
8.800782031568812501e-06
1.618334039514728105e-06
6.915346180643949076e-07
-2.187846558927620838e-05
-7.367846340946658382e-06
1.737688978688263334e-05
-1.220102630836522269e-05
6.937190011902037278e-06
2.466860737282839788e-06
-2.565152571894666294e-07
-6.258924127434969498e-05
5.393270391294702616e-06
-1.222592956089803512e-06
-1.234082481860692250e-07
6.571074506695452296e-06
-6.608800908875476793e-09
2.127520956104984396e-07
2.088527095551217833e-07
-1.263314454016609004e-07
-4.308892265668346844e-06
4.637887093714806628e-06
-7.276666180358452342e-07
-3.914257616803910010e-07
2.663922942800891276e-07
-7.362898936833189682e-08
-8.136369550088993954e-07
-1.844624301230941886e-07
2.973904288767090730e-07
4.866956697570004988e-06
9.059091989784532782e-07
2.637987064343450330e-08
-9.477393754159300736e-09
-3.547059370202288505e-08
1.180546860423236223e-07
-8.858300088442907453e-09
-5.420933365499376599e-09
-8.908596820201783190e-09
6.393476922708673290e-09
5.262766862096167992e-08
1.090922438252509290e-07
5.690507741606335834e-08
4.375985312107008411e-09
1.224672129514019735e-08
1.685569775439498029e-08
8.989341735309746336e-08
1.074729139001899037e-06
1.478494900407020547e-06
8.356677304675451824e-08
2.075919051100423877e-08
-1.453571861999487271e-08
-7.968035119134287553e-09
-1.517287949976036992e-06
-1.802347579804741858e-06
-3.309288457508108565e-07
1.003900717621450064e-07
-4.541373872493012487e-06
-1.365618579902969153e-06
-1.742366917612108985e-07
-2.016320435260745734e-06
-5.649048112056757637e-07
-4.410897335561548703e-07
3.199843284476198686e-07
3.967408546872843518e-07
4.348904573022504346e-07
-2.188797953585653613e-07
-2.240379082423479444e-05
2.199273344901682805e-07
1.204520666608444382e-06
2.082045690957248102e-06
3.311194787172031114e-06
1.718403646964085515e-06
-8.964248788735656613e-07
-6.817772947847422992e-06
1.599214914035240352e-06
-5.259133908962367434e-06
-2.675792299749981589e-06
-1.156560817695777136e-06
3.556787036686612409e-05
1.364417540812196713e-06
-4.094557750178065797e-07
-3.017609161281304265e-05
1.232752136739999631e-06
-2.390265289580261008e-05
-4.087727932328547763e-05
2.201941428936579382e-05
-4.273372825585065589e-06
6.744891736959768042e-06
1.982480791641217029e-06
-7.066554562846060080e-06
-8.107771170084660873e-06
-1.062792249799046369e-07
3.412024936907374239e-05
-1.942730825905248206e-06
2.719533644672063506e-07
-1.086691771470642016e-07
-4.656956348481862743e-07
-5.444668141010519397e-06
8.112246130331488318e-06
-2.014970667630621728e-07
-7.336123895976850821e-07
1.417128693246709524e-07
-4.071808715808975844e-07
1.035529280773559606e-06
-4.640368195164037675e-07
-8.093814659922290381e-09
-2.912517613405061221e-05
1.473311718701175873e-06
7.748630863797800489e-09
1.053649282256043877e-08
3.057307827517404203e-08
1.805712661900548918e-07
7.987092912336248214e-08
2.992468248511851586e-09
-1.076842255863091078e-08
-2.152832139903156257e-08
3.052258885222406521e-07
3.133116428964341504e-07
1.989525651476241894e-07
8.180964237312546555e-08
3.174029545448167188e-08
1.990358509365748596e-08
2.703966347456594668e-07
3.051533483138939599e-06
4.427039773668079760e-06
3.106585152616093189e-07
1.083103060785684402e-07
6.187636228377870265e-08
3.398603153793183524e-09
-1.688754981827138573e-06
-1.797759875079410393e-06
-2.839189905968545727e-07
1.851902752880648121e-07
-7.915936845596597941e-06
-2.017707067397657916e-06
-2.612216701910154344e-07
-2.199056102357596182e-06
-7.085035946670937006e-07
-5.790619032805555957e-07
7.606312821376950994e-07
-1.966113568069961315e-06
4.489762923898471623e-07
-1.728503781956398986e-07
-2.551538823780258585e-05
5.460247337709245167e-06
5.161834175865346068e-06
1.173677020733566480e-06
-1.398740896304781386e-05
-1.205242972019156860e-05
-1.041210891383335024e-06
2.398352120115576527e-06
3.683864269520573196e-06
-3.761344981274416122e-06
8.989211981518742032e-06
-3.772410111264283534e-05
-4.605486539264617090e-05
-2.349251671867933720e-06
-1.598312722182744603e-06
-2.911262036487227402e-05
4.448075775846306752e-06
-4.058415560433019847e-05
-4.502160857364085060e-05
-3.583310442464262608e-05
-8.977494405451216092e-06
1.052570248174494925e-05
2.704598585985972781e-06
-1.957782160048465318e-05
-1.115058850189714354e-05
6.532208981589365712e-06
-3.922964865312666765e-05
-2.352840582597434980e-06
2.060858157741215428e-07
-3.951794826751504235e-07
-5.511893906480095978e-07
-3.881500892649615271e-06
6.201076245316894430e-06
9.396116730748435813e-07
-1.632061958577700478e-07
2.437803819885331715e-07
-5.144219800564227762e-07
1.018259106629323192e-06
-5.253407876624523057e-07
-3.438866029284130138e-07
2.831749366798448896e-06
1.808378785194867484e-06
5.246769749278677817e-09
9.893281480082374325e-09
5.788326922799086815e-08
1.558320220847818197e-07
8.497464527408912912e-08
8.809715124804808279e-09
1.054313010322421168e-09
-6.404072111833257193e-08
3.092323082603697006e-07
3.711739951135478840e-07
2.195389927759001415e-07
9.997565390842291073e-08
3.747042369464751452e-08
6.656317257739541434e-09
3.016053905018476107e-07
3.620231765375817940e-06
5.145441442926256031e-06
3.801324736361729102e-07
9.403002376079020288e-08
4.702986784109838185e-08
2.111540051171595898e-08
