0.018194
0.017055
0.010829
0.005567
0.001160
-0.002224
-0.003400
0.000481
0.005756
0.012869
0.021967
0.025342
0.024282
0.026554
0.013739
0.004957
0.001200
-0.005500
-0.008770
-0.004343
0.002137
0.026943
0.051777
0.042111
0.018454
0.005819
0.003005
-0.009236
-0.013533
-0.020196
-0.016155
-0.010373
0.004333
0.018658
0.021821
0.013630
0.009577
0.005425
0.003657
0.002852
0.001320
0.001732
0.002182
0.002703
0.003109
0.003436
0.004114
0.007127
-0.012830
-0.019452
-0.025434
-0.029602
-0.043828
-0.038382
-0.030277
-0.022237
-0.015545
0.010947
0.007926
0.006155
0.004801
0.003765
0.003052
0.002528
0.003990
0.004769
0.007348
0.012306
-0.016540
-0.022669
-0.031403
-0.043397
-0.058071
-0.069140
-0.132379
-0.090355
-0.058132
-0.039685
-0.028446
-0.021029
-0.015959
-0.012379
0.009782
0.007914
0.006549
0.005522
-0.006952
-0.008176
-0.009830
-0.011976
-0.014812
-0.018710
-0.024201
-0.032220
-0.044920
-0.068206
-0.125102
-0.524279
0.003048
0.004510
0.009430
0.012862
0.010007
0.005894
0.032400
0.033259
0.004497
0.019298
0.001496
0.001969
0.002500
0.003196
0.003392
0.003592
0.005809
0.002410
0.011227
0.023970
0.027184
0.024560
0.019537
