# X Y Z i
284214.50 5036142.40 -30.00 0.001188
284234.50 5036142.40 -30.00 0.001410
284254.50 5036142.40 -30.00 0.001596
284274.50 5036142.40 -30.00 0.001706
284294.50 5036142.40 -30.00 0.001768
284314.50 5036142.40 -30.00 0.001763
284334.50 5036142.40 -30.00 0.001725
284214.50 5036162.40 -30.00 0.001580
284234.50 5036162.40 -30.00 0.001423
284254.50 5036162.40 -30.00 0.001569
284274.50 5036162.40 -30.00 0.001674
284294.50 5036162.40 -30.00 0.001811
284314.50 5036162.40 -30.00 0.001815
284334.50 5036162.40 -30.00 0.001755
284214.50 5036182.40 -30.00 0.001551
284234.50 5036182.40 -30.00 0.001400
284254.50 5036182.40 -30.00 0.001528
284274.50 5036182.40 -30.00 0.001815
284294.50 5036182.40 -30.00 0.001882
284314.50 5036182.40 -30.00 0.001697
284334.50 5036182.40 -30.00 0.001687
284214.50 5036202.40 -30.00 0.001461
284234.50 5036202.40 -30.00 0.001621
284254.50 5036202.40 -30.00 0.001706
284274.50 5036202.40 -30.00 0.001932
284294.50 5036202.40 -30.00 0.002157
284314.50 5036202.40 -30.00 0.001816
284334.50 5036202.40 -30.00 0.001810
284214.50 5036222.40 -30.00 0.001336
284234.50 5036222.40 -30.00 0.000000
284254.50 5036222.40 -30.00 0.001419
284274.50 5036222.40 -30.00 0.002505
284294.50 5036222.40 -30.00 0.002163
284314.50 5036222.40 -30.00 0.001796
284334.50 5036222.40 -30.00 0.001846
284214.50 5036242.40 -30.00 0.001283
284234.50 5036242.40 -30.00 0.000037
284254.50 5036242.40 -30.00 0.001726
284274.50 5036242.40 -30.00 0.001272
284294.50 5036242.40 -30.00 0.000915
284314.50 5036242.40 -30.00 0.002212
284334.50 5036242.40 -30.00 0.001773
284214.50 5036262.40 -30.00 0.001347
284234.50 5036262.40 -30.00 0.001326
284254.50 5036262.40 -30.00 0.001348
284274.50 5036262.40 -30.00 0.001480
284294.50 5036262.40 -30.00 0.001524
284314.50 5036262.40 -30.00 0.000522
284334.50 5036262.40 -30.00 0.001750
284214.50 5036282.40 -30.00 0.001418
284234.50 5036282.40 -30.00 0.000730
284254.50 5036282.40 -30.00 0.001013
284274.50 5036282.40 -30.00 0.001259
284294.50 5036282.40 -30.00 0.001427
284314.50 5036282.40 -30.00 0.001549
284334.50 5036282.40 -30.00 0.001620
284214.50 5036302.40 -30.00 0.001397
284234.50 5036302.40 -30.00 0.000942
284254.50 5036302.40 -30.00 0.001128
284274.50 5036302.40 -30.00 0.001484
284294.50 5036302.40 -30.00 0.001453
284314.50 5036302.40 -30.00 0.001498
284334.50 5036302.40 -30.00 0.001538
284214.50 5036322.40 -30.00 0.001366
284234.50 5036322.40 -30.00 0.001231
284254.50 5036322.40 -30.00 0.001257
284274.50 5036322.40 -30.00 0.001594
284294.50 5036322.40 -30.00 0.001504
284314.50 5036322.40 -30.00 0.001491
284334.50 5036322.40 -30.00 0.001500
284214.50 5036342.40 -30.00 0.001244
284234.50 5036342.40 -30.00 0.001191
284254.50 5036342.40 -30.00 0.001196
284274.50 5036342.40 -30.00 0.001269
284294.50 5036342.40 -30.00 0.001558
284314.50 5036342.40 -30.00 0.001498
284334.50 5036342.40 -30.00 0.001483
284214.50 5036142.40 -26.00 0.001203
284234.50 5036142.40 -26.00 0.001439
284254.50 5036142.40 -26.00 0.001618
284274.50 5036142.40 -26.00 0.001728
284294.50 5036142.40 -26.00 0.001794
284314.50 5036142.40 -26.00 0.001779
284334.50 5036142.40 -26.00 0.001731
284214.50 5036162.40 -26.00 0.001581
284234.50 5036162.40 -26.00 0.001514
284254.50 5036162.40 -26.00 0.001635
284274.50 5036162.40 -26.00 0.001736
284294.50 5036162.40 -26.00 0.001871
284314.50 5036162.40 -26.00 0.001867
284334.50 5036162.40 -26.00 0.001227
284214.50 5036182.40 -26.00 0.001553
284234.50 5036182.40 -26.00 0.001507
284254.50 5036182.40 -26.00 0.001665
284274.50 5036182.40 -26.00 0.001882
284294.50 5036182.40 -26.00 0.001926
284314.50 5036182.40 -26.00 0.001740
284334.50 5036182.40 -26.00 0.001755
284214.50 5036202.40 -26.00 0.001455
284234.50 5036202.40 -26.00 0.001633
284254.50 5036202.40 -26.00 0.001761
284274.50 5036202.40 -26.00 0.002140
284294.50 5036202.40 -26.00 0.002302
284314.50 5036202.40 -26.00 0.001881
284334.50 5036202.40 -26.00 0.001846
284214.50 5036222.40 -26.00 0.001298
284234.50 5036222.40 -26.00 0.001017
284254.50 5036222.40 -26.00 0.001414
284274.50 5036222.40 -26.00 0.002967
284294.50 5036222.40 -26.00 0.002428
284314.50 5036222.40 -26.00 0.001932
284334.50 5036222.40 -26.00 0.001916
284214.50 5036242.40 -26.00 0.001232
284234.50 5036242.40 -26.00 0.000055
284254.50 5036242.40 -26.00 0.002051
284274.50 5036242.40 -26.00 0.001391
284294.50 5036242.40 -26.00 0.001302
284314.50 5036242.40 -26.00 0.002262
284334.50 5036242.40 -26.00 0.001879
284214.50 5036262.40 -26.00 0.001321
284234.50 5036262.40 -26.00 0.001314
284254.50 5036262.40 -26.00 0.001338
284274.50 5036262.40 -26.00 0.001440
284294.50 5036262.40 -26.00 0.001663
284314.50 5036262.40 -26.00 0.001441
284334.50 5036262.40 -26.00 0.001771
284214.50 5036282.40 -26.00 0.001419
284234.50 5036282.40 -26.00 0.000766
284254.50 5036282.40 -26.00 0.001019
284274.50 5036282.40 -26.00 0.001247
284294.50 5036282.40 -26.00 0.001459
284314.50 5036282.40 -26.00 0.001488
284334.50 5036282.40 -26.00 0.001629
284214.50 5036302.40 -26.00 0.001399
284234.50 5036302.40 -26.00 0.000929
284254.50 5036302.40 -26.00 0.001100
284274.50 5036302.40 -26.00 0.001580
284294.50 5036302.40 -26.00 0.001450
284314.50 5036302.40 -26.00 0.001505
284334.50 5036302.40 -26.00 0.001547
284214.50 5036322.40 -26.00 0.001375
284234.50 5036322.40 -26.00 0.001196
284254.50 5036322.40 -26.00 0.001234
284274.50 5036322.40 -26.00 0.001643
284294.50 5036322.40 -26.00 0.001516
284314.50 5036322.40 -26.00 0.001498
284334.50 5036322.40 -26.00 0.001505
284214.50 5036342.40 -26.00 0.001222
284234.50 5036342.40 -26.00 0.001159
284254.50 5036342.40 -26.00 0.001165
284274.50 5036342.40 -26.00 0.001254
284294.50 5036342.40 -26.00 0.001571
284314.50 5036342.40 -26.00 0.001500
284334.50 5036342.40 -26.00 0.001486
284214.50 5036142.40 -22.00 0.001228
284234.50 5036142.40 -22.00 0.001460
284254.50 5036142.40 -22.00 0.001646
284274.50 5036142.40 -22.00 0.001746
284294.50 5036142.40 -22.00 0.001822
284314.50 5036142.40 -22.00 0.001799
284334.50 5036142.40 -22.00 0.001741
284214.50 5036162.40 -22.00 0.001587
284234.50 5036162.40 -22.00 0.001600
284254.50 5036162.40 -22.00 0.001684
284274.50 5036162.40 -22.00 0.001780
284294.50 5036162.40 -22.00 0.001919
284314.50 5036162.40 -22.00 0.001894
284334.50 5036162.40 -22.00 0.001382
284214.50 5036182.40 -22.00 0.001558
284234.50 5036182.40 -22.00 0.001568
284254.50 5036182.40 -22.00 0.001861
284274.50 5036182.40 -22.00 0.001944
284294.50 5036182.40 -22.00 0.001962
284314.50 5036182.40 -22.00 0.001790
284334.50 5036182.40 -22.00 0.001759
284214.50 5036202.40 -22.00 0.001451
284234.50 5036202.40 -22.00 0.001634
284254.50 5036202.40 -22.00 0.001827
284274.50 5036202.40 -22.00 0.002376
284294.50 5036202.40 -22.00 0.002462
284314.50 5036202.40 -22.00 0.001976
284334.50 5036202.40 -22.00 0.001901
284214.50 5036222.40 -22.00 0.001256
284234.50 5036222.40 -22.00 0.000867
284254.50 5036222.40 -22.00 0.001461
284274.50 5036222.40 -22.00 0.002378
284294.50 5036222.40 -22.00 0.002726
284314.50 5036222.40 -22.00 0.002037
284334.50 5036222.40 -22.00 0.002043
284214.50 5036242.40 -22.00 0.001182
284234.50 5036242.40 -22.00 0.000061
284254.50 5036242.40 -22.00 0.002059
284274.50 5036242.40 -22.00 0.001403
284294.50 5036242.40 -22.00 0.001550
284314.50 5036242.40 -22.00 0.002239
284334.50 5036242.40 -22.00 0.001957
284214.50 5036262.40 -22.00 0.001312
284234.50 5036262.40 -22.00 0.001297
284254.50 5036262.40 -22.00 0.001338
284274.50 5036262.40 -22.00 0.001443
284294.50 5036262.40 -22.00 0.001430
284314.50 5036262.40 -22.00 0.001530
284334.50 5036262.40 -22.00 0.001780
284214.50 5036282.40 -22.00 0.001420
284234.50 5036282.40 -22.00 0.001316
284254.50 5036282.40 -22.00 0.001022
284274.50 5036282.40 -22.00 0.001295
284294.50 5036282.40 -22.00 0.001448
284314.50 5036282.40 -22.00 0.001562
284334.50 5036282.40 -22.00 0.001635
284214.50 5036302.40 -22.00 0.001401
284234.50 5036302.40 -22.00 0.000932
284254.50 5036302.40 -22.00 0.001103
284274.50 5036302.40 -22.00 0.001603
284294.50 5036302.40 -22.00 0.001464
284314.50 5036302.40 -22.00 0.001511
284334.50 5036302.40 -22.00 0.001549
284214.50 5036322.40 -22.00 0.001377
284234.50 5036322.40 -22.00 0.001160
284254.50 5036322.40 -22.00 0.001213
284274.50 5036322.40 -22.00 0.001682
284294.50 5036322.40 -22.00 0.001525
284314.50 5036322.40 -22.00 0.001498
284334.50 5036322.40 -22.00 0.001508
284214.50 5036342.40 -22.00 0.001195
284234.50 5036342.40 -22.00 0.001125
284254.50 5036342.40 -22.00 0.001128
284274.50 5036342.40 -22.00 0.001238
284294.50 5036342.40 -22.00 0.001585
284314.50 5036342.40 -22.00 0.001503
284334.50 5036342.40 -22.00 0.001488
284214.50 5036142.40 -18.00 0.001246
284234.50 5036142.40 -18.00 0.001477
284254.50 5036142.40 -18.00 0.001665
284274.50 5036142.40 -18.00 0.001771
284294.50 5036142.40 -18.00 0.001861
284314.50 5036142.40 -18.00 0.001822
284334.50 5036142.40 -18.00 0.001747
284214.50 5036162.40 -18.00 0.001591
284234.50 5036162.40 -18.00 0.001749
284254.50 5036162.40 -18.00 0.001765
284274.50 5036162.40 -18.00 0.001834
284294.50 5036162.40 -18.00 0.001973
284314.50 5036162.40 -18.00 0.001961
284334.50 5036162.40 -18.00 0.001492
284214.50 5036182.40 -18.00 0.001562
284234.50 5036182.40 -18.00 0.001723
284254.50 5036182.40 -18.00 0.002024
284274.50 5036182.40 -18.00 0.001980
284294.50 5036182.40 -18.00 0.001984
284314.50 5036182.40 -18.00 0.001838
284334.50 5036182.40 -18.00 0.001839
284214.50 5036202.40 -18.00 0.001444
284234.50 5036202.40 -18.00 0.001671
284254.50 5036202.40 -18.00 0.001903
284274.50 5036202.40 -18.00 0.002684
284294.50 5036202.40 -18.00 0.002653
284314.50 5036202.40 -18.00 0.002071
284334.50 5036202.40 -18.00 0.001913
284214.50 5036222.40 -18.00 0.001212
284234.50 5036222.40 -18.00 0.000756
284254.50 5036222.40 -18.00 0.001393
284274.50 5036222.40 -18.00 0.002503
284294.50 5036222.40 -18.00 0.003128
284314.50 5036222.40 -18.00 0.002192
284334.50 5036222.40 -18.00 0.002107
284214.50 5036242.40 -18.00 0.001125
284234.50 5036242.40 -18.00 0.000029
284254.50 5036242.40 -18.00 0.002355
284274.50 5036242.40 -18.00 0.001618
284294.50 5036242.40 -18.00 0.001312
284314.50 5036242.40 -18.00 0.002309
284334.50 5036242.40 -18.00 0.002045
284214.50 5036262.40 -18.00 0.001280
284234.50 5036262.40 -18.00 0.001283
284254.50 5036262.40 -18.00 0.001345
284274.50 5036262.40 -18.00 0.001482
284294.50 5036262.40 -18.00 0.001807
284314.50 5036262.40 -18.00 0.001821
284334.50 5036262.40 -18.00 0.001727
284214.50 5036282.40 -18.00 0.001421
284234.50 5036282.40 -18.00 0.001315
284254.50 5036282.40 -18.00 0.001044
284274.50 5036282.40 -18.00 0.001280
284294.50 5036282.40 -18.00 0.001444
284314.50 5036282.40 -18.00 0.001547
284334.50 5036282.40 -18.00 0.001641
284214.50 5036302.40 -18.00 0.001402
284234.50 5036302.40 -18.00 0.000921
284254.50 5036302.40 -18.00 0.001085
284274.50 5036302.40 -18.00 0.001531
284294.50 5036302.40 -18.00 0.001473
284314.50 5036302.40 -18.00 0.001504
284334.50 5036302.40 -18.00 0.001556
284214.50 5036322.40 -18.00 0.001381
284234.50 5036322.40 -18.00 0.001152
284254.50 5036322.40 -18.00 0.001193
284274.50 5036322.40 -18.00 0.001713
284294.50 5036322.40 -18.00 0.001537
284314.50 5036322.40 -18.00 0.001505
284334.50 5036322.40 -18.00 0.001507
284214.50 5036342.40 -18.00 0.001181
284234.50 5036342.40 -18.00 0.001087
284254.50 5036342.40 -18.00 0.001086
284274.50 5036342.40 -18.00 0.001223
284294.50 5036342.40 -18.00 0.001601
284314.50 5036342.40 -18.00 0.001507
284334.50 5036342.40 -18.00 0.001489
284214.50 5036142.40 -14.00 0.001260
284234.50 5036142.40 -14.00 0.001501
284254.50 5036142.40 -14.00 0.001680
284274.50 5036142.40 -14.00 0.001790
284294.50 5036142.40 -14.00 0.001907
284314.50 5036142.40 -14.00 0.001846
284334.50 5036142.40 -14.00 0.001754
284214.50 5036162.40 -14.00 0.001593
284234.50 5036162.40 -14.00 0.001854
284254.50 5036162.40 -14.00 0.001835
284274.50 5036162.40 -14.00 0.001871
284294.50 5036162.40 -14.00 0.002033
284314.50 5036162.40 -14.00 0.002022
284334.50 5036162.40 -14.00 0.001585
284214.50 5036182.40 -14.00 0.001567
284234.50 5036182.40 -14.00 0.001763
284254.50 5036182.40 -14.00 0.002217
284274.50 5036182.40 -14.00 0.001997
284294.50 5036182.40 -14.00 0.001988
284314.50 5036182.40 -14.00 0.001868
284334.50 5036182.40 -14.00 0.001871
284214.50 5036202.40 -14.00 0.001310
284234.50 5036202.40 -14.00 0.001706
284254.50 5036202.40 -14.00 0.001963
284274.50 5036202.40 -14.00 0.003051
284294.50 5036202.40 -14.00 0.002870
284314.50 5036202.40 -14.00 0.002150
284334.50 5036202.40 -14.00 0.001905
284214.50 5036222.40 -14.00 0.001167
284234.50 5036222.40 -14.00 0.000583
284254.50 5036222.40 -14.00 0.001346
284274.50 5036222.40 -14.00 0.002551
284294.50 5036222.40 -14.00 0.002530
284314.50 5036222.40 -14.00 0.002331
284334.50 5036222.40 -14.00 0.002193
284214.50 5036242.40 -14.00 0.001068
284234.50 5036242.40 -14.00 0.000022
284254.50 5036242.40 -14.00 0.002106
284274.50 5036242.40 -14.00 0.001655
284294.50 5036242.40 -14.00 0.001823
284314.50 5036242.40 -14.00 0.002405
284334.50 5036242.40 -14.00 0.002149
284214.50 5036262.40 -14.00 0.001256
284234.50 5036262.40 -14.00 0.001271
284254.50 5036262.40 -14.00 0.001353
284274.50 5036262.40 -14.00 0.001456
284294.50 5036262.40 -14.00 0.000000
284314.50 5036262.40 -14.00 0.001913
284334.50 5036262.40 -14.00 0.001847
284214.50 5036282.40 -14.00 0.001422
284234.50 5036282.40 -14.00 0.001314
284254.50 5036282.40 -14.00 0.001061
284274.50 5036282.40 -14.00 0.001279
284294.50 5036282.40 -14.00 0.001435
284314.50 5036282.40 -14.00 0.001527
284334.50 5036282.40 -14.00 0.001648
284214.50 5036302.40 -14.00 0.001404
284234.50 5036302.40 -14.00 0.000926
284254.50 5036302.40 -14.00 0.001082
284274.50 5036302.40 -14.00 0.001621
284294.50 5036302.40 -14.00 0.001481
284314.50 5036302.40 -14.00 0.001523
284334.50 5036302.40 -14.00 0.001559
284214.50 5036322.40 -14.00 0.001386
284234.50 5036322.40 -14.00 0.001131
284254.50 5036322.40 -14.00 0.001176
284274.50 5036322.40 -14.00 0.001268
284294.50 5036322.40 -14.00 0.001546
284314.50 5036322.40 -14.00 0.001507
284334.50 5036322.40 -14.00 0.001507
284214.50 5036342.40 -14.00 0.001168
284234.50 5036342.40 -14.00 0.001046
284254.50 5036342.40 -14.00 0.001036
284274.50 5036342.40 -14.00 0.001209
284294.50 5036342.40 -14.00 0.001612
284314.50 5036342.40 -14.00 0.001507
284334.50 5036342.40 -14.00 0.001487
284214.50 5036142.40 -10.00 0.001268
284234.50 5036142.40 -10.00 0.001553
284254.50 5036142.40 -10.00 0.001695
284274.50 5036142.40 -10.00 0.001809
284294.50 5036142.40 -10.00 0.001973
284314.50 5036142.40 -10.00 0.001870
284334.50 5036142.40 -10.00 0.001760
284214.50 5036162.40 -10.00 0.001596
284234.50 5036162.40 -10.00 0.001945
284254.50 5036162.40 -10.00 0.001919
284274.50 5036162.40 -10.00 0.001918
284294.50 5036162.40 -10.00 0.002073
284314.50 5036162.40 -10.00 0.002013
284334.50 5036162.40 -10.00 0.001717
284214.50 5036182.40 -10.00 0.001573
284234.50 5036182.40 -10.00 0.001824
284254.50 5036182.40 -10.00 0.002387
284274.50 5036182.40 -10.00 0.001975
284294.50 5036182.40 -10.00 0.001977
284314.50 5036182.40 -10.00 0.001902
284334.50 5036182.40 -10.00 0.001968
284214.50 5036202.40 -10.00 0.001438
284234.50 5036202.40 -10.00 0.001746
284254.50 5036202.40 -10.00 0.002062
284274.50 5036202.40 -10.00 0.003493
284294.50 5036202.40 -10.00 0.003131
284314.50 5036202.40 -10.00 0.002227
284334.50 5036202.40 -10.00 0.001885
284214.50 5036222.40 -10.00 0.001123
284234.50 5036222.40 -10.00 0.000441
284254.50 5036222.40 -10.00 0.001263
284274.50 5036222.40 -10.00 0.002298
284294.50 5036222.40 -10.00 0.005150
284314.50 5036222.40 -10.00 0.002508
284334.50 5036222.40 -10.00 0.002279
284214.50 5036242.40 -10.00 0.001024
284234.50 5036242.40 -10.00 0.000000
284254.50 5036242.40 -10.00 0.002159
284274.50 5036242.40 -10.00 0.001831
284294.50 5036242.40 -10.00 0.001627
284314.50 5036242.40 -10.00 0.002475
284334.50 5036242.40 -10.00 0.002238
284214.50 5036262.40 -10.00 0.001249
284234.50 5036262.40 -10.00 0.001263
284254.50 5036262.40 -10.00 0.001347
284274.50 5036262.40 -10.00 0.001466
284294.50 5036262.40 -10.00 0.000735
284314.50 5036262.40 -10.00 0.002013
284334.50 5036262.40 -10.00 0.001925
284214.50 5036282.40 -10.00 0.001312
284234.50 5036282.40 -10.00 0.001314
284254.50 5036282.40 -10.00 0.001072
284274.50 5036282.40 -10.00 0.001366
284294.50 5036282.40 -10.00 0.001426
284314.50 5036282.40 -10.00 0.001541
284334.50 5036282.40 -10.00 0.001653
284214.50 5036302.40 -10.00 0.001404
284234.50 5036302.40 -10.00 0.000916
284254.50 5036302.40 -10.00 0.001070
284274.50 5036302.40 -10.00 0.001642
284294.50 5036302.40 -10.00 0.001487
284314.50 5036302.40 -10.00 0.001529
284334.50 5036302.40 -10.00 0.001558
284214.50 5036322.40 -10.00 0.001388
284234.50 5036322.40 -10.00 0.001101
284254.50 5036322.40 -10.00 0.001162
284274.50 5036322.40 -10.00 0.001261
284294.50 5036322.40 -10.00 0.001553
284314.50 5036322.40 -10.00 0.001509
284334.50 5036322.40 -10.00 0.001509
284214.50 5036342.40 -10.00 0.001154
284234.50 5036342.40 -10.00 0.001009
284254.50 5036342.40 -10.00 0.000982
284274.50 5036342.40 -10.00 0.001196
284294.50 5036342.40 -10.00 0.001625
284314.50 5036342.40 -10.00 0.001513
284334.50 5036342.40 -10.00 0.001489
284214.50 5036142.40 -6.00 0.001273
284234.50 5036142.40 -6.00 0.001563
284254.50 5036142.40 -6.00 0.001702
284274.50 5036142.40 -6.00 0.001821
284294.50 5036142.40 -6.00 0.002078
284314.50 5036142.40 -6.00 0.001892
284334.50 5036142.40 -6.00 0.001763
284214.50 5036162.40 -6.00 0.001597
284234.50 5036162.40 -6.00 0.001668
284254.50 5036162.40 -6.00 0.001955
284274.50 5036162.40 -6.00 0.001942
284294.50 5036162.40 -6.00 0.002078
284314.50 5036162.40 -6.00 0.002022
284334.50 5036162.40 -6.00 0.001725
284214.50 5036182.40 -6.00 0.001581
284234.50 5036182.40 -6.00 0.001835
284254.50 5036182.40 -6.00 0.002439
284274.50 5036182.40 -6.00 0.001924
284294.50 5036182.40 -6.00 0.001981
284314.50 5036182.40 -6.00 0.001938
284334.50 5036182.40 -6.00 0.002011
284214.50 5036202.40 -6.00 0.001529
284234.50 5036202.40 -6.00 0.001762
284254.50 5036202.40 -6.00 0.002176
284274.50 5036202.40 -6.00 0.003980
284294.50 5036202.40 -6.00 0.002854
284314.50 5036202.40 -6.00 0.001053
284334.50 5036202.40 -6.00 0.001859
284214.50 5036222.40 -6.00 0.001089
284234.50 5036222.40 -6.00 0.000243
284254.50 5036222.40 -6.00 0.001158
284274.50 5036222.40 -6.00 0.002676
284294.50 5036222.40 -6.00 0.006898
284314.50 5036222.40 -6.00 0.000435
284334.50 5036222.40 -6.00 0.002436
284214.50 5036242.40 -6.00 0.000983
284234.50 5036242.40 -6.00 0.000017
284254.50 5036242.40 -6.00 0.001704
284274.50 5036242.40 -6.00 0.001832
284294.50 5036242.40 -6.00 0.002184
284314.50 5036242.40 -6.00 0.002033
284334.50 5036242.40 -6.00 0.002297
284214.50 5036262.40 -6.00 0.001246
284234.50 5036262.40 -6.00 0.001256
284254.50 5036262.40 -6.00 0.001343
284274.50 5036262.40 -6.00 0.001466
284294.50 5036262.40 -6.00 0.000667
284314.50 5036262.40 -6.00 0.002007
284334.50 5036262.40 -6.00 0.001971
284214.50 5036282.40 -6.00 0.001310
284234.50 5036282.40 -6.00 0.001313
284254.50 5036282.40 -6.00 0.001326
284274.50 5036282.40 -6.00 0.001362
284294.50 5036282.40 -6.00 0.001424
284314.50 5036282.40 -6.00 0.001478
284334.50 5036282.40 -6.00 0.001653
284214.50 5036302.40 -6.00 0.001405
284234.50 5036302.40 -6.00 0.000920
284254.50 5036302.40 -6.00 0.001058
284274.50 5036302.40 -6.00 0.001627
284294.50 5036302.40 -6.00 0.001493
284314.50 5036302.40 -6.00 0.001531
284334.50 5036302.40 -6.00 0.001559
284214.50 5036322.40 -6.00 0.001390
284234.50 5036322.40 -6.00 0.001105
284254.50 5036322.40 -6.00 0.001152
284274.50 5036322.40 -6.00 0.001256
284294.50 5036322.40 -6.00 0.001560
284314.50 5036322.40 -6.00 0.001508
284334.50 5036322.40 -6.00 0.001511
284214.50 5036342.40 -6.00 0.001146
284234.50 5036342.40 -6.00 0.000975
284254.50 5036342.40 -6.00 0.000932
284274.50 5036342.40 -6.00 0.001187
284294.50 5036342.40 -6.00 0.001633
284314.50 5036342.40 -6.00 0.001517
284334.50 5036342.40 -6.00 0.001491
284214.50 5036142.40 -2.00 0.001275
284234.50 5036142.40 -2.00 0.001566
284254.50 5036142.40 -2.00 0.001704
284274.50 5036142.40 -2.00 0.001828
284294.50 5036142.40 -2.00 0.002163
284314.50 5036142.40 -2.00 0.001908
284334.50 5036142.40 -2.00 0.001766
284214.50 5036162.40 -2.00 0.001597
284234.50 5036162.40 -2.00 0.001730
284254.50 5036162.40 -2.00 0.001994
284274.50 5036162.40 -2.00 0.001914
284294.50 5036162.40 -2.00 0.001895
284314.50 5036162.40 -2.00 0.001875
284334.50 5036162.40 -2.00 0.001745
284214.50 5036182.40 -2.00 0.001584
284234.50 5036182.40 -2.00 0.001802
284254.50 5036182.40 -2.00 0.001814
284274.50 5036182.40 -2.00 0.002084
284294.50 5036182.40 -2.00 0.002041
284314.50 5036182.40 -2.00 0.002270
284334.50 5036182.40 -2.00 0.002056
284214.50 5036202.40 -2.00 0.001643
284234.50 5036202.40 -2.00 0.001754
284254.50 5036202.40 -2.00 0.002278
284274.50 5036202.40 -2.00 0.004451
284294.50 5036202.40 -2.00 0.005445
284314.50 5036202.40 -2.00 0.003853
284334.50 5036202.40 -2.00 0.001907
284214.50 5036222.40 -2.00 0.001079
284234.50 5036222.40 -2.00 0.000162
284254.50 5036222.40 -2.00 0.001030
284274.50 5036222.40 -2.00 0.002729
284294.50 5036222.40 -2.00 0.008893
284314.50 5036222.40 -2.00 0.003859
284334.50 5036222.40 -2.00 0.003460
284214.50 5036242.40 -2.00 0.000960
284234.50 5036242.40 -2.00 0.000016
284254.50 5036242.40 -2.00 0.001540
284274.50 5036242.40 -2.00 0.001843
284294.50 5036242.40 -2.00 0.001903
284314.50 5036242.40 -2.00 0.003338
284334.50 5036242.40 -2.00 0.002231
284214.50 5036262.40 -2.00 0.001238
284234.50 5036262.40 -2.00 0.001252
284254.50 5036262.40 -2.00 0.001340
284274.50 5036262.40 -2.00 0.001480
284294.50 5036262.40 -2.00 0.000725
284314.50 5036262.40 -2.00 0.001955
284334.50 5036262.40 -2.00 0.002006
284214.50 5036282.40 -2.00 0.001310
284234.50 5036282.40 -2.00 0.001313
284254.50 5036282.40 -2.00 0.001326
284274.50 5036282.40 -2.00 0.001363
284294.50 5036282.40 -2.00 0.001456
284314.50 5036282.40 -2.00 0.001551
284334.50 5036282.40 -2.00 0.001657
284214.50 5036302.40 -2.00 0.001406
284234.50 5036302.40 -2.00 0.000917
284254.50 5036302.40 -2.00 0.001055
284274.50 5036302.40 -2.00 0.001606
284294.50 5036302.40 -2.00 0.001492
284314.50 5036302.40 -2.00 0.001530
284334.50 5036302.40 -2.00 0.001556
284214.50 5036322.40 -2.00 0.001391
284234.50 5036322.40 -2.00 0.001099
284254.50 5036322.40 -2.00 0.001146
284274.50 5036322.40 -2.00 0.001253
284294.50 5036322.40 -2.00 0.001561
284314.50 5036322.40 -2.00 0.001512
284334.50 5036322.40 -2.00 0.001509
284214.50 5036342.40 -2.00 0.001140
284234.50 5036342.40 -2.00 0.000955
284254.50 5036342.40 -2.00 0.000913
284274.50 5036342.40 -2.00 0.001183
284294.50 5036342.40 -2.00 0.001636
284314.50 5036342.40 -2.00 0.001515
284334.50 5036342.40 -2.00 0.001493
