-1.138794412442832027e-01
-4.923677508811145909e-02
-1.228334032081412203e-02
9.099881202092725135e-03
1.769487548435557528e-02
-1.589742185197526650e-02
-1.331831833469629064e-02
2.532040282228128353e-02
1.504604476558036447e-02
1.699241851940997555e-03
-2.005161156730196972e-02
-2.636901202016101939e-02
1.694786168030221543e-02
1.303333569838057218e-03
1.366195408139019019e-02
2.485232848539893624e-02
3.662897594803326412e-02
-1.486232447585719187e-02
-1.870603127289236292e-02
-1.583288460034260742e-02
4.159663556814849339e-02
1.768337547722950362e-02
6.601540644962888837e-02
8.308543523898626049e-02
3.704423724066322615e-02
4.508581271105736171e-02
5.359394185998858640e-02
-2.085928413640443513e-02
-2.243660261206659873e-02
-2.887043742647093375e-02
-2.524613142893577730e-02
-2.163435033846304936e-02
4.771855056190066335e-02
8.538543659176539569e-02
1.198889689403137560e-01
8.320791405052217760e-02
4.521004299594967579e-02
2.562388435296060821e-02
1.639566954939902441e-02
1.077071249627361421e-02
8.250607871676637201e-03
1.141938770191477416e-02
1.534224270490386517e-02
2.149313224293387947e-02
2.775496917758896176e-02
3.734543563375249814e-02
4.921077123030469236e-02
6.180859869121122646e-02
-2.204721407032379787e-02
-2.878325635261591575e-02
-3.330371322705374948e-02
-3.738670107465266734e-02
-5.020965680856029345e-02
-4.460848198732174363e-02
-3.642838092240736209e-02
-2.854676351318238131e-02
-2.212212918776155363e-02
5.795023275699250076e-02
4.493652740468534468e-02
3.436696759960514158e-02
2.637011521951764664e-02
2.006321204292750224e-02
1.565340076265396910e-02
1.269423591301117177e-02
1.777725746140770141e-02
2.060245609866948047e-02
3.278611704157911866e-02
5.318501988507566558e-02
-2.030771972507496026e-02
-2.686827646850695889e-02
-3.637039873842228682e-02
-4.790854469128121018e-02
-6.221574149308917168e-02
-7.257436983805090613e-02
-1.324277474163783053e-01
-9.230889384825097244e-02
-6.111920161748972402e-02
-4.300165771139356774e-02
-3.222518495738897065e-02
-2.388671422167110148e-02
-1.826466283193507040e-02
-1.387592512446267703e-02
3.949599074581456454e-02
3.231469755617078637e-02
2.731113008347070895e-02
2.370420156548368532e-02
-5.239358808436879456e-03
-6.813294195927667440e-03
-9.406252826863602257e-03
-1.216813982674882361e-02
-1.684730558685823554e-02
-2.037893021535525442e-02
-2.644885831830202580e-02
-3.504447877988041415e-02
-4.753031761104010988e-02
-7.012891166358488360e-02
-1.242839664375207653e-01
-5.136499156181797421e-01
1.263822646139141880e-02
2.063143466950601024e-02
4.030539203416437510e-02
6.246213268948047626e-02
9.462202291515242614e-02
9.680496259101017964e-02
9.060754563470108103e-02
6.189920733527599223e-02
3.523823636142563165e-02
6.630100144494735503e-03
9.686881020703247760e-03
1.312464623121674737e-02
1.846633406257758639e-02
2.525263877231095910e-02
3.178541083336955397e-02
4.315758506440572212e-02
5.604134571029066592e-02
5.602986434421107498e-02
4.263482297631757123e-02
2.500886332556578884e-02
1.082495241454204532e-02
-8.892404938936077780e-03
-3.265752821633551017e-02
1.000000003332645429e+04
-4.082808183624254267e-02
-4.077636352689498200e-02
-4.081101391322688315e-02
-4.078888821740268844e-02
-4.079458311460242015e-02
-4.080012515713708765e-02
-4.080330251261816976e-02
-4.082795951620318831e-02
-4.076934790874900405e-02
-4.080303095245575717e-02
-4.078898335432419586e-02
-4.080097298307242687e-02
-4.080628356848153143e-02
-4.080623003829526863e-02
-4.082765930458322895e-02
-4.080584512635153371e-02
-4.080072800693061025e-02
-4.078450802361781313e-02
-4.080763874947673786e-02
-4.080504076076964248e-02
-4.081026592834996469e-02
-4.082674362551011460e-02
-4.082775713843499188e-02
-4.077560471744029469e-02
-4.082561348512175892e-02
-4.080382040842057273e-02
-4.080485461844293726e-02
-4.081174499010238599e-02
-4.083015177444514893e-02
-4.083090483617136252e-02
-4.083216115803676993e-02
-4.076179469482937856e-02
-4.079545560927561043e-02
-4.080346017887148680e-02
-4.080816765038256660e-02
-4.083617251679704657e-02
-3.263732233681204686e-02
-4.080459211922641410e-02
-4.081140301064889453e-02
-4.083163625185624868e-02
-4.082191405253306898e-02
-4.080824262347022835e-02
-4.082362984511485327e-02
-4.082301871066723598e-02
-4.082432136939184025e-02
-4.082788241038283472e-02
-4.080445943058717828e-02
-4.080501381480033940e-02
-4.080552469768637669e-02
-4.081929873041591911e-02
-4.082537276772003898e-02
-4.081971852262144401e-02
-4.082066708089328311e-02
-4.080484181373470604e-02
-4.081675332756902475e-02
-4.078811949385124924e-02
-4.081613816001107564e-02
-4.081536297609167363e-02
-4.081541827455903437e-02
-4.078840106812894883e-02
-4.079505761782760420e-02
-4.080435179796338546e-02
-4.080866161597876407e-02
-4.081213369408258351e-02
-4.079416740065484881e-02
-4.079674387824139270e-02
-4.080277516615381239e-02
-4.078934836267709974e-02
-4.079899907905479295e-02
-4.080425939165540500e-02
-4.079613842933139251e-02
-4.078840104011473289e-02
-4.078854631339722675e-02
-4.079743105903740202e-02
-4.078150945202381472e-02
-4.079551784907593098e-02
-4.080052094795220963e-02
-4.082819337094078377e-02
-4.079218639680487479e-02
-4.081743949502229796e-02
-4.079853325873768199e-02
-4.080173425610333915e-02
-4.080559512095250502e-02
-4.080780048087138262e-02
-4.082794092660112228e-02
-4.078730783159772999e-02
-4.080830846213882868e-02
-4.079898707444778311e-02
-4.080670111112319476e-02
-4.080951298814362860e-02
-4.081054292141761408e-02
-4.082734550837899268e-02
-4.080460427475639251e-02
-4.080720321992263588e-02
-4.079802325607106983e-02
-4.081249911236076167e-02
-4.080989075750945244e-02
-4.081383166665386586e-02
-4.082619580203282472e-02
-4.082650567612089443e-02
-4.078825052741189006e-02
-4.075245578762726889e-02
-4.081140423177404691e-02
-4.081004872912186859e-02
-4.081511456549475475e-02
-4.082830752183660983e-02
-4.082680046835818199e-02
-4.082770368754348733e-02
-4.083503291775838345e-02
-4.080728384316236607e-02
-4.081051897372134363e-02
-4.081195950358611213e-02
-4.083328164556001422e-02
-2.714428630332278367e-02
-4.081801270083969257e-02
-4.081861238580921508e-02
-4.085120998231962786e-02
-4.081883199204675017e-02
-4.081213193669099709e-02
-4.082292455902870182e-02
-4.082332367803970935e-02
-4.082491209401550858e-02
-4.082667695262472835e-02
-4.083337360376276814e-02
-4.081072424018011846e-02
-4.081003693374138375e-02
-4.081950461297636362e-02
-4.082533038000220327e-02
-4.082001191138183438e-02
-4.082097071096137814e-02
-4.081505562117771629e-02
-4.080198675283683296e-02
-4.079703191480060082e-02
-4.081651827645842862e-02
-4.081597289664409822e-02
-4.081658582932548573e-02
-4.078425577101416066e-02
-4.079824122487919758e-02
-4.080755317976068192e-02
-4.081155698238207730e-02
-4.081338377213988150e-02
-4.078858409718300049e-02
-4.079348492581964108e-02
-4.080125867976059501e-02
-4.079387687593236805e-02
-4.080222459682724540e-02
-4.080700915896698366e-02
-4.079283472832249957e-02
-4.078318759596211152e-02
-4.078336058629354610e-02
-4.079536463695389997e-02
-4.078035340242569529e-02
-4.079829838950270460e-02
-4.080324925877917841e-02
-4.082896282425411971e-02
-4.081866051444823368e-02
-4.082977569781415933e-02
-4.081904164112218347e-02
-4.081901927710693267e-02
-4.082034870605661531e-02
-4.082148480537051149e-02
-4.082874208348670486e-02
-4.081707805383039123e-02
-4.082112824476829410e-02
-4.081957318576338867e-02
-4.081993585668507174e-02
-4.081962057157109691e-02
-4.082211618093802008e-02
-4.082761114528999508e-02
-4.081087472529686122e-02
-4.082233210911725974e-02
-4.082297628384994048e-02
-4.082294102544986591e-02
-4.082260276916688940e-02
-4.082260240440344079e-02
-4.082667188247569162e-02
-4.082573165789424308e-02
-4.081713176541569565e-02
-4.079138194723663791e-02
-4.082573847703464126e-02
-4.082443353279911064e-02
-4.082470451447247489e-02
-4.082653786123904144e-02
-4.081687545197729139e-02
-4.082152487185086720e-02
-4.083338228244490914e-02
-4.082559011415484718e-02
-4.082310456236673546e-02
-4.082416859585433211e-02
-4.082888646877036454e-02
-3.048534683589624802e-02
-4.083079654825189087e-02
-4.083079857513913224e-02
-4.086120251336725073e-02
-4.081460841630553393e-02
-4.082158365594228122e-02
-4.082308365614503720e-02
-4.082344448704548767e-02
-4.082562050041234347e-02
-4.082672096908619708e-02
-4.085028776321886212e-02
-4.081973794657919180e-02
-4.082104829817738423e-02
-4.082037117229490170e-02
-4.081713666993403572e-02
-4.082094206732349989e-02
-4.082203068473559682e-02
-4.082104185142353819e-02
-4.082539123652066670e-02
-4.081589828477874549e-02
-4.081755414864254167e-02
-4.081727380565307317e-02
-4.081771063410420675e-02
-4.081462713574658674e-02
-4.080958463397881680e-02
-4.081522949195168920e-02
-4.081811969628479364e-02
-4.081453348675957715e-02
-4.078303861648197026e-02
-4.079085071566231763e-02
-4.080033652425819890e-02
-4.080460159804241704e-02
-4.081019419612597066e-02
-4.081439560221412910e-02
-4.078913276028581225e-02
-4.077765359521823285e-02
-4.077748863462970358e-02
-4.079374437525614544e-02
-4.078770316988299116e-02
-4.080721204630110427e-02
-4.081111802933339028e-02
-4.083098355264616619e-02
-4.086459628473357308e-02
-4.084394384260817135e-02
-4.085000143159847608e-02
-4.084202146546675460e-02
-4.084467972491949428e-02
-4.084871332840048219e-02
-4.083057778971160845e-02
-4.086369044073268064e-02
-4.084279103453900689e-02
-4.084294880919529802e-02
-4.083749873509874562e-02
-4.083983808026031559e-02
-4.084469110033649153e-02
-4.082903728345724931e-02
-4.084789947288504364e-02
-4.084029672542881240e-02
-4.084339176373960600e-02
-4.083673557519155312e-02
-4.083730617102096505e-02
-4.084087916948505453e-02
-4.082808604401545749e-02
-4.082648802493073908e-02
-4.084817231975947788e-02
-4.084635279105029715e-02
-4.083461762377814386e-02
-4.083660323970526862e-02
-4.083919726572235454e-02
-4.082993012308194780e-02
-4.082758563119682355e-02
-4.081899876317578862e-02
-4.085854688908288623e-02
-4.082884021567395605e-02
-4.083454125543632685e-02
-4.083630986021247189e-02
-4.083422477535503248e-02
-2.293052533354833500e-02
-4.085584720703396011e-02
-4.085175509726268750e-02
-4.085605055640700867e-02
-4.082704903032501054e-02
-4.083583725220996108e-02
-4.082526134354963476e-02
-4.082648639542642288e-02
-4.082743253650614190e-02
-4.083135448865825301e-02
-4.083593083050610084e-02
-4.083414462831639474e-02
-4.084216163943226591e-02
-4.082445424820535518e-02
-4.082053948853163472e-02
-4.082293993147950023e-02
-4.082399991496087066e-02
-4.083669252228537550e-02
-4.083987273998873624e-02
-4.085569865763351294e-02
-4.081972903653043744e-02
-4.081962165573816553e-02
-4.082027438703857147e-02
-4.078862508444811713e-02
-4.082563832517711183e-02
-4.082785325753191669e-02
-4.083108740121217661e-02
-4.081717284102482496e-02
-4.078452897547638761e-02
-4.079023435548180532e-02
-4.080105382186424712e-02
-4.082180771244103834e-02
-4.082654296011086620e-02
-4.082911605215063661e-02
-4.078939415433766036e-02
-4.077383553132706701e-02
-4.077289981423881660e-02
-4.079389172589097112e-02
-4.083406419237822771e-02
-4.082485935323266341e-02
-4.082815926714308818e-02
-4.083093939642933740e-02
-4.086231991132832642e-02
-4.085135138199964822e-02
-4.084782780819733866e-02
-4.083712812606854481e-02
-4.084302336972769898e-02
-4.084795457195862511e-02
-4.083031965727679236e-02
-4.085958448363191664e-02
-4.083353198822338437e-02
-4.083842584294279654e-02
-4.083343073841251558e-02
-4.083738936297290345e-02
-4.084367798084838352e-02
-4.082797545374135945e-02
-4.085039339264031483e-02
-4.083595112475925382e-02
-4.083898630956098175e-02
-4.083229885593395864e-02
-4.083281507189544246e-02
-4.083871077511189163e-02
-4.082642354155895797e-02
-4.082390313806140425e-02
-4.083869229571483045e-02
-4.084224576981151933e-02
-4.082912766590217346e-02
-4.083178087445547139e-02
-4.083566134364909062e-02
-4.082962940597101992e-02
-4.082337973898449157e-02
-4.081636735162852414e-02
-4.085378394454810408e-02
-4.082014650613850076e-02
-4.082834737288824900e-02
-4.083208358438021601e-02
-4.083579476679921605e-02
-2.711439470618040581e-02
-4.085360782880190222e-02
-4.085076899250635746e-02
-4.078448082854212869e-02
-4.082483930907802178e-02
-4.083256661613068883e-02
-4.082436247912389626e-02
-4.082625948439120439e-02
-4.082851778429778811e-02
-4.083224201979731433e-02
-4.081796631023024147e-02
-4.082734009522717700e-02
-4.083931506138169243e-02
-4.082555271061043267e-02
-4.082277509660534043e-02
-4.082544645446199716e-02
-4.082407313913388736e-02
-4.083681351544934252e-02
-4.083526208442785771e-02
-4.085353964880267252e-02
-4.081987112168969367e-02
-4.081991288855129490e-02
-4.082060484246771703e-02
-4.083061809610293025e-02
-4.082454656843664126e-02
-4.082823306620295828e-02
-4.083098648396711605e-02
-4.081769879577850507e-02
-4.078112647198135071e-02
-4.078757308996122655e-02
-4.079978110884668885e-02
-4.082108516672222631e-02
-4.082633486095413322e-02
-4.082882408024400556e-02
-4.078742548117250677e-02
-4.076633254423473601e-02
-4.076390826402132017e-02
-4.079179964812969239e-02
-4.083536948277955575e-02
-4.082407235189248335e-02
-4.082787868371830220e-02
-4.082885859499627706e-02
-4.081987956994554551e-02
-4.081520996758664088e-02
-4.081710343337820179e-02
-4.081135039994685659e-02
-4.081829789462015912e-02
-4.082069316144748550e-02
-4.082810001075612427e-02
-4.081786806614820518e-02
-4.080472507826397172e-02
-4.081149673616350088e-02
-4.081124256174419040e-02
-4.081229695431651261e-02
-4.082059928178943808e-02
-4.082440221722062612e-02
-4.080881838267980122e-02
-4.081707074018033066e-02
-4.081564573260429429e-02
-4.081257347525638762e-02
-4.081293117076747329e-02
-4.081960653363479047e-02
-4.082131771715635793e-02
-4.081778630146208620e-02
-4.081129288975797464e-02
-4.082473927908795985e-02
-4.081307700644772052e-02
-4.081349194632502564e-02
-4.081612400099170201e-02
-4.082302903062620669e-02
-4.081405220005532297e-02
-4.080158670340919280e-02
-4.080740767851814832e-02
-4.080255552736129776e-02
-4.081301186113869828e-02
-4.081379642679743014e-02
-4.082909199669432221e-02
-2.047828940142229839e-02
-4.083411844485725084e-02
-4.083425917543117428e-02
-4.085706699160798067e-02
-4.080744124536982154e-02
-4.081424509370533416e-02
-4.082175947690357826e-02
-4.082317770821478758e-02
-4.082594256996554399e-02
-4.082966470452906865e-02
-4.083304521378491869e-02
-4.080341057625397339e-02
-4.081580533778404740e-02
-4.081704452535853123e-02
-4.082041047212747742e-02
-4.082479096614594766e-02
-4.082251545673184351e-02
-4.081686897873992859e-02
-4.082286668263282459e-02
-4.081295331185604003e-02
-4.081788617701792576e-02
-4.081805003406489135e-02
-4.081881795114072897e-02
-4.082375897583401941e-02
-4.080822158500270469e-02
-4.081492574488858327e-02
-4.081787543691735298e-02
-4.081592680113571570e-02
-4.077282290632953943e-02
-4.078283937554150196e-02
-4.079659918395740770e-02
-4.080338153451968514e-02
-4.080986842566247663e-02
-4.081396109751423557e-02
-4.078263068440844685e-02
-4.075556599101080868e-02
-4.074907768537112257e-02
-4.078761454023309418e-02
-4.078623511782252659e-02
-4.080674826710962294e-02
-4.081072436527042463e-02
-4.082799332931300040e-02
-4.079948724917411423e-02
-4.079938756851242410e-02
-4.080855996171522948e-02
-4.081523848332267029e-02
-4.081215643972781193e-02
-4.081015559288981437e-02
-4.082711492244631840e-02
-4.080223965432577815e-02
-4.082424214175085775e-02
-4.080507727035817545e-02
-4.080342095446882339e-02
-4.080596112793968833e-02
-4.081218774799803134e-02
-4.082219304556747308e-02
-4.079869723143395716e-02
-4.080668496520713923e-02
-4.080466878785075219e-02
-4.080246161613216432e-02
-4.080548863537167281e-02
-4.081197771217100201e-02
-4.081846096854700734e-02
-4.081390398122435037e-02
-4.081680649652894011e-02
-4.083264391947576816e-02
-4.081557556371506051e-02
-4.081182762343980169e-02
-4.080322528372112151e-02
-4.081871574309222511e-02
-4.080325496656587309e-02
-4.078559336287951309e-02
-4.084453351834362728e-02
-4.080204837319366395e-02
-4.081453622269671372e-02
-4.081186953803102313e-02
-4.080324901375962515e-02
-1.147631320114237026e-02
-4.080933021157298612e-02
-4.082734557400476139e-02
-4.083220373864228370e-02
-4.079586365022266903e-02
-4.080679539373834042e-02
-4.082069306296993993e-02
-4.082150062721866257e-02
-4.082461836363188851e-02
-4.082873970761320692e-02
-4.082540376612579791e-02
-4.078508033123697668e-02
-4.080520554563289715e-02
-4.081464849503096265e-02
-4.081940809688398147e-02
-4.081417422614412593e-02
-4.082181071398485045e-02
-4.080979084118091516e-02
-4.080386933906451907e-02
-4.079453255269721579e-02
-4.081714859886217961e-02
-4.081740304431572680e-02
-4.081841510116728661e-02
-4.078673675438043711e-02
-4.080334113271287533e-02
-4.081031835722107731e-02
-4.081303861944854394e-02
-4.081530174474926054e-02
-4.077264111931367535e-02
-4.077991305778136399e-02
-4.079487985641340464e-02
-4.079796477692793771e-02
-4.080360531098287807e-02
-4.080822236055610397e-02
-4.078006336099113810e-02
-4.074566959155878632e-02
-4.073354931234693388e-02
-4.078505214793356343e-02
-4.077766299766981406e-02
-4.080021203083319947e-02
-4.080391366390348495e-02
-4.082777830735644098e-02
-4.078952333765385740e-02
-4.079404244572936572e-02
-4.080634566915070788e-02
-4.081831146334546911e-02
-4.081102668702799030e-02
-4.080725198206454352e-02
-4.082680378468960675e-02
-4.079543548520641466e-02
-4.082949547853324812e-02
-4.079908346517553686e-02
-4.079720604023761438e-02
-4.080273175932420948e-02
-4.080987297100149153e-02
-4.082104616139814457e-02
-4.078773817346208197e-02
-4.077789724175714947e-02
-4.077825325914700982e-02
-4.079551644248075731e-02
-4.079933559636526874e-02
-4.080955966788734485e-02
-4.081303306649443352e-02
-4.080887175576027037e-02
-4.082057291139935817e-02
-4.080565827534561596e-02
-4.081581183817727110e-02
-4.081211603242741043e-02
-4.078057023811127585e-02
-4.081771423010623762e-02
-4.079107640070174512e-02
-4.077012749633417144e-02
-4.084626929433694820e-02
-4.079532368578422941e-02
-4.081495353630455042e-02
-4.080937520285080056e-02
-4.078704767929575842e-02
-1.020939501266219032e-02
-4.080177672251267262e-02
-4.082531870174541111e-02
-4.081442754088929203e-02
-4.078395772467730690e-02
-4.079565758670664760e-02
-4.082001127696713305e-02
-4.082099388688954777e-02
-4.082421939867864058e-02
-4.082848510624163818e-02
-4.082197344581579845e-02
-4.076935700559537745e-02
-4.080204808014595980e-02
-4.081444624714061081e-02
-4.081917521308435493e-02
-4.081364120475258067e-02
-4.082165009558463842e-02
-4.081411394102174572e-02
-4.081641160541406993e-02
-4.078907429756324643e-02
-4.081700111504168310e-02
-4.081728540330344795e-02
-4.081837499595411534e-02
-4.078490864623486589e-02
-4.080165208860422194e-02
-4.080884054092577540e-02
-4.081149376983982807e-02
-4.081519515951364391e-02
-4.077117174899103774e-02
-4.077867375845068559e-02
-4.079422717869188308e-02
-4.079608031736695062e-02
-4.080233019517907900e-02
-4.080639444869096216e-02
-4.077868797138370360e-02
-4.074011356631872249e-02
-4.072675133935929614e-02
-4.078407231790414506e-02
-4.077774970280178407e-02
-4.079807943713548157e-02
-4.080221354533289380e-02
