# X Y Z i
284214.50 5036142.40 -30.00 0.000000
284234.50 5036142.40 -30.00 0.000000
284254.50 5036142.40 -30.00 0.000000
284274.50 5036142.40 -30.00 0.000000
284294.50 5036142.40 -30.00 0.000000
284314.50 5036142.40 -30.00 0.000000
284334.50 5036142.40 -30.00 0.000000
284214.50 5036162.40 -30.00 0.000000
284234.50 5036162.40 -30.00 0.000000
284254.50 5036162.40 -30.00 0.000000
284274.50 5036162.40 -30.00 0.000000
284294.50 5036162.40 -30.00 0.000000
284314.50 5036162.40 -30.00 0.000000
284334.50 5036162.40 -30.00 0.000000
284214.50 5036182.40 -30.00 0.000000
284234.50 5036182.40 -30.00 0.000000
284254.50 5036182.40 -30.00 0.000000
284274.50 5036182.40 -30.00 0.000000
284294.50 5036182.40 -30.00 0.000000
284314.50 5036182.40 -30.00 0.000000
284334.50 5036182.40 -30.00 0.000000
284214.50 5036202.40 -30.00 0.000000
284234.50 5036202.40 -30.00 0.000000
284254.50 5036202.40 -30.00 0.000000
284274.50 5036202.40 -30.00 0.000000
284294.50 5036202.40 -30.00 0.000000
284314.50 5036202.40 -30.00 0.000000
284334.50 5036202.40 -30.00 0.000000
284214.50 5036222.40 -30.00 0.000000
284234.50 5036222.40 -30.00 0.000000
284254.50 5036222.40 -30.00 0.000000
284274.50 5036222.40 -30.00 0.000000
284294.50 5036222.40 -30.00 0.000000
284314.50 5036222.40 -30.00 0.000000
284334.50 5036222.40 -30.00 0.000000
284214.50 5036242.40 -30.00 0.000000
284234.50 5036242.40 -30.00 0.000000
284254.50 5036242.40 -30.00 0.000000
284274.50 5036242.40 -30.00 0.000000
284294.50 5036242.40 -30.00 0.000000
284314.50 5036242.40 -30.00 0.000000
284334.50 5036242.40 -30.00 0.000000
284214.50 5036262.40 -30.00 0.000000
284234.50 5036262.40 -30.00 0.000000
284254.50 5036262.40 -30.00 0.000000
284274.50 5036262.40 -30.00 0.000000
284294.50 5036262.40 -30.00 0.000000
284314.50 5036262.40 -30.00 0.000000
284334.50 5036262.40 -30.00 0.000000
284214.50 5036282.40 -30.00 0.000000
284234.50 5036282.40 -30.00 0.000000
284254.50 5036282.40 -30.00 0.000000
284274.50 5036282.40 -30.00 0.000000
284294.50 5036282.40 -30.00 0.000000
284314.50 5036282.40 -30.00 0.000000
284334.50 5036282.40 -30.00 0.000000
284214.50 5036302.40 -30.00 0.000000
284234.50 5036302.40 -30.00 0.000000
284254.50 5036302.40 -30.00 0.000000
284274.50 5036302.40 -30.00 0.000000
284294.50 5036302.40 -30.00 0.000000
284314.50 5036302.40 -30.00 0.000000
284334.50 5036302.40 -30.00 0.000000
284214.50 5036322.40 -30.00 0.000000
284234.50 5036322.40 -30.00 0.000000
284254.50 5036322.40 -30.00 0.000000
284274.50 5036322.40 -30.00 0.000000
284294.50 5036322.40 -30.00 0.000000
284314.50 5036322.40 -30.00 0.000000
284334.50 5036322.40 -30.00 0.000000
284214.50 5036342.40 -30.00 0.000000
284234.50 5036342.40 -30.00 0.000000
284254.50 5036342.40 -30.00 0.000000
284274.50 5036342.40 -30.00 0.000000
284294.50 5036342.40 -30.00 0.000000
284314.50 5036342.40 -30.00 0.000000
284334.50 5036342.40 -30.00 0.000000
284214.50 5036142.40 -26.00 0.000000
284234.50 5036142.40 -26.00 0.000000
284254.50 5036142.40 -26.00 0.000000
284274.50 5036142.40 -26.00 0.000000
284294.50 5036142.40 -26.00 0.000000
284314.50 5036142.40 -26.00 0.000000
284334.50 5036142.40 -26.00 0.000000
284214.50 5036162.40 -26.00 0.000000
284234.50 5036162.40 -26.00 0.000000
284254.50 5036162.40 -26.00 0.000000
284274.50 5036162.40 -26.00 0.000000
284294.50 5036162.40 -26.00 0.000000
284314.50 5036162.40 -26.00 0.000000
284334.50 5036162.40 -26.00 0.000000
284214.50 5036182.40 -26.00 0.000000
284234.50 5036182.40 -26.00 0.000000
284254.50 5036182.40 -26.00 0.000000
284274.50 5036182.40 -26.00 0.000000
284294.50 5036182.40 -26.00 0.000000
284314.50 5036182.40 -26.00 0.000000
284334.50 5036182.40 -26.00 0.000000
284214.50 5036202.40 -26.00 0.000000
284234.50 5036202.40 -26.00 0.000000
284254.50 5036202.40 -26.00 0.000000
284274.50 5036202.40 -26.00 0.000000
284294.50 5036202.40 -26.00 0.000000
284314.50 5036202.40 -26.00 0.000000
284334.50 5036202.40 -26.00 0.000000
284214.50 5036222.40 -26.00 0.000000
284234.50 5036222.40 -26.00 0.000000
284254.50 5036222.40 -26.00 0.000000
284274.50 5036222.40 -26.00 0.000000
284294.50 5036222.40 -26.00 0.000000
284314.50 5036222.40 -26.00 0.000000
284334.50 5036222.40 -26.00 0.000000
284214.50 5036242.40 -26.00 0.000000
284234.50 5036242.40 -26.00 0.000000
284254.50 5036242.40 -26.00 0.000000
284274.50 5036242.40 -26.00 0.000000
284294.50 5036242.40 -26.00 0.000000
284314.50 5036242.40 -26.00 0.000000
284334.50 5036242.40 -26.00 0.000000
284214.50 5036262.40 -26.00 0.000000
284234.50 5036262.40 -26.00 0.000000
284254.50 5036262.40 -26.00 0.000000
284274.50 5036262.40 -26.00 0.000000
284294.50 5036262.40 -26.00 0.000000
284314.50 5036262.40 -26.00 0.000000
284334.50 5036262.40 -26.00 0.000000
284214.50 5036282.40 -26.00 0.000000
284234.50 5036282.40 -26.00 0.000000
284254.50 5036282.40 -26.00 0.000000
284274.50 5036282.40 -26.00 0.000000
284294.50 5036282.40 -26.00 0.000000
284314.50 5036282.40 -26.00 0.000000
284334.50 5036282.40 -26.00 0.000000
284214.50 5036302.40 -26.00 0.000000
284234.50 5036302.40 -26.00 0.000000
284254.50 5036302.40 -26.00 0.000000
284274.50 5036302.40 -26.00 0.000000
284294.50 5036302.40 -26.00 0.000000
284314.50 5036302.40 -26.00 0.000000
284334.50 5036302.40 -26.00 0.000000
284214.50 5036322.40 -26.00 0.000000
284234.50 5036322.40 -26.00 0.000000
284254.50 5036322.40 -26.00 0.000000
284274.50 5036322.40 -26.00 0.000000
284294.50 5036322.40 -26.00 0.000000
284314.50 5036322.40 -26.00 0.000000
284334.50 5036322.40 -26.00 0.000000
284214.50 5036342.40 -26.00 0.000000
284234.50 5036342.40 -26.00 0.000000
284254.50 5036342.40 -26.00 0.000000
284274.50 5036342.40 -26.00 0.000000
284294.50 5036342.40 -26.00 0.000000
284314.50 5036342.40 -26.00 0.000000
284334.50 5036342.40 -26.00 0.000000
284214.50 5036142.40 -22.00 0.000000
284234.50 5036142.40 -22.00 0.000000
284254.50 5036142.40 -22.00 0.000000
284274.50 5036142.40 -22.00 0.000000
284294.50 5036142.40 -22.00 0.000000
284314.50 5036142.40 -22.00 0.000000
284334.50 5036142.40 -22.00 0.000000
284214.50 5036162.40 -22.00 0.000000
284234.50 5036162.40 -22.00 0.000000
284254.50 5036162.40 -22.00 0.000000
284274.50 5036162.40 -22.00 0.000000
284294.50 5036162.40 -22.00 0.000000
284314.50 5036162.40 -22.00 0.000000
284334.50 5036162.40 -22.00 0.000000
284214.50 5036182.40 -22.00 0.000000
284234.50 5036182.40 -22.00 0.000000
284254.50 5036182.40 -22.00 0.000000
284274.50 5036182.40 -22.00 0.000000
284294.50 5036182.40 -22.00 0.000000
284314.50 5036182.40 -22.00 0.000000
284334.50 5036182.40 -22.00 0.000000
284214.50 5036202.40 -22.00 0.000000
284234.50 5036202.40 -22.00 0.000000
284254.50 5036202.40 -22.00 0.000000
284274.50 5036202.40 -22.00 0.000000
284294.50 5036202.40 -22.00 0.000000
284314.50 5036202.40 -22.00 0.000000
284334.50 5036202.40 -22.00 0.000000
284214.50 5036222.40 -22.00 0.000000
284234.50 5036222.40 -22.00 0.000000
284254.50 5036222.40 -22.00 0.000000
284274.50 5036222.40 -22.00 0.000000
284294.50 5036222.40 -22.00 0.000000
284314.50 5036222.40 -22.00 0.000000
284334.50 5036222.40 -22.00 0.000000
284214.50 5036242.40 -22.00 0.000000
284234.50 5036242.40 -22.00 0.000000
284254.50 5036242.40 -22.00 0.000000
284274.50 5036242.40 -22.00 0.000000
284294.50 5036242.40 -22.00 0.000000
284314.50 5036242.40 -22.00 0.000000
284334.50 5036242.40 -22.00 0.000000
284214.50 5036262.40 -22.00 0.000000
284234.50 5036262.40 -22.00 0.000000
284254.50 5036262.40 -22.00 0.000000
284274.50 5036262.40 -22.00 0.000000
284294.50 5036262.40 -22.00 0.000000
284314.50 5036262.40 -22.00 0.000000
284334.50 5036262.40 -22.00 0.000000
284214.50 5036282.40 -22.00 0.000000
284234.50 5036282.40 -22.00 0.000000
284254.50 5036282.40 -22.00 0.000000
284274.50 5036282.40 -22.00 0.000000
284294.50 5036282.40 -22.00 0.000000
284314.50 5036282.40 -22.00 0.000000
284334.50 5036282.40 -22.00 0.000000
284214.50 5036302.40 -22.00 0.000000
284234.50 5036302.40 -22.00 0.000000
284254.50 5036302.40 -22.00 0.000000
284274.50 5036302.40 -22.00 0.000000
284294.50 5036302.40 -22.00 0.000000
284314.50 5036302.40 -22.00 0.000000
284334.50 5036302.40 -22.00 0.000000
284214.50 5036322.40 -22.00 0.000000
284234.50 5036322.40 -22.00 0.000000
284254.50 5036322.40 -22.00 0.000000
284274.50 5036322.40 -22.00 0.000000
284294.50 5036322.40 -22.00 0.000000
284314.50 5036322.40 -22.00 0.000000
284334.50 5036322.40 -22.00 0.000000
284214.50 5036342.40 -22.00 0.000000
284234.50 5036342.40 -22.00 0.000000
284254.50 5036342.40 -22.00 0.000000
284274.50 5036342.40 -22.00 0.000000
284294.50 5036342.40 -22.00 0.000000
284314.50 5036342.40 -22.00 0.000000
284334.50 5036342.40 -22.00 0.000000
284214.50 5036142.40 -18.00 0.005262
284234.50 5036142.40 -18.00 0.005262
284254.50 5036142.40 -18.00 0.005262
284274.50 5036142.40 -18.00 0.005262
284294.50 5036142.40 -18.00 0.005262
284314.50 5036142.40 -18.00 0.005263
284334.50 5036142.40 -18.00 0.005263
284214.50 5036162.40 -18.00 0.005262
284234.50 5036162.40 -18.00 0.005262
284254.50 5036162.40 -18.00 0.005262
284274.50 5036162.40 -18.00 0.005262
284294.50 5036162.40 -18.00 0.005263
284314.50 5036162.40 -18.00 0.005263
284334.50 5036162.40 -18.00 0.005263
284214.50 5036182.40 -18.00 0.005261
284234.50 5036182.40 -18.00 0.005261
284254.50 5036182.40 -18.00 0.005262
284274.50 5036182.40 -18.00 0.005262
284294.50 5036182.40 -18.00 0.005263
284314.50 5036182.40 -18.00 0.005263
284334.50 5036182.40 -18.00 0.005263
284214.50 5036202.40 -18.00 0.005261
284234.50 5036202.40 -18.00 0.005261
284254.50 5036202.40 -18.00 0.005261
284274.50 5036202.40 -18.00 0.005262
284294.50 5036202.40 -18.00 0.005263
284314.50 5036202.40 -18.00 0.005263
284334.50 5036202.40 -18.00 0.005263
284214.50 5036222.40 -18.00 0.005260
284234.50 5036222.40 -18.00 0.005259
284254.50 5036222.40 -18.00 0.005260
284274.50 5036222.40 -18.00 0.005262
284294.50 5036222.40 -18.00 0.005264
284314.50 5036222.40 -18.00 0.005263
284334.50 5036222.40 -18.00 0.005263
284214.50 5036242.40 -18.00 0.005260
284234.50 5036242.40 -18.00 0.000596
284254.50 5036242.40 -18.00 0.005262
284274.50 5036242.40 -18.00 0.005262
284294.50 5036242.40 -18.00 0.005262
284314.50 5036242.40 -18.00 0.005263
284334.50 5036242.40 -18.00 0.005263
284214.50 5036262.40 -18.00 0.005261
284234.50 5036262.40 -18.00 0.005261
284254.50 5036262.40 -18.00 0.005261
284274.50 5036262.40 -18.00 0.005262
284294.50 5036262.40 -18.00 0.005262
284314.50 5036262.40 -18.00 0.005263
284334.50 5036262.40 -18.00 0.005263
284214.50 5036282.40 -18.00 0.005262
284234.50 5036282.40 -18.00 0.005262
284254.50 5036282.40 -18.00 0.005262
284274.50 5036282.40 -18.00 0.005262
284294.50 5036282.40 -18.00 0.005262
284314.50 5036282.40 -18.00 0.005262
284334.50 5036282.40 -18.00 0.005263
284214.50 5036302.40 -18.00 0.005262
284234.50 5036302.40 -18.00 0.005262
284254.50 5036302.40 -18.00 0.005262
284274.50 5036302.40 -18.00 0.005262
284294.50 5036302.40 -18.00 0.005262
284314.50 5036302.40 -18.00 0.005262
284334.50 5036302.40 -18.00 0.005262
284214.50 5036322.40 -18.00 0.005262
284234.50 5036322.40 -18.00 0.005262
284254.50 5036322.40 -18.00 0.005262
284274.50 5036322.40 -18.00 0.005262
284294.50 5036322.40 -18.00 0.005262
284314.50 5036322.40 -18.00 0.005262
284334.50 5036322.40 -18.00 0.005262
284214.50 5036342.40 -18.00 0.005262
284234.50 5036342.40 -18.00 0.005262
284254.50 5036342.40 -18.00 0.005262
284274.50 5036342.40 -18.00 0.005262
284294.50 5036342.40 -18.00 0.005262
284314.50 5036342.40 -18.00 0.005262
284334.50 5036342.40 -18.00 0.005262
284214.50 5036142.40 -14.00 0.005262
284234.50 5036142.40 -14.00 0.005262
284254.50 5036142.40 -14.00 0.005262
284274.50 5036142.40 -14.00 0.005262
284294.50 5036142.40 -14.00 0.005263
284314.50 5036142.40 -14.00 0.005263
284334.50 5036142.40 -14.00 0.005263
284214.50 5036162.40 -14.00 0.005262
284234.50 5036162.40 -14.00 0.005262
284254.50 5036162.40 -14.00 0.005262
284274.50 5036162.40 -14.00 0.005262
284294.50 5036162.40 -14.00 0.005263
284314.50 5036162.40 -14.00 0.005263
284334.50 5036162.40 -14.00 0.005263
284214.50 5036182.40 -14.00 0.005261
284234.50 5036182.40 -14.00 0.005261
284254.50 5036182.40 -14.00 0.005262
284274.50 5036182.40 -14.00 0.005263
284294.50 5036182.40 -14.00 0.005263
284314.50 5036182.40 -14.00 0.005263
284334.50 5036182.40 -14.00 0.005263
284214.50 5036202.40 -14.00 0.005261
284234.50 5036202.40 -14.00 0.005260
284254.50 5036202.40 -14.00 0.005261
284274.50 5036202.40 -14.00 0.005263
284294.50 5036202.40 -14.00 0.005264
284314.50 5036202.40 -14.00 0.005263
284334.50 5036202.40 -14.00 0.005263
284214.50 5036222.40 -14.00 0.005260
284234.50 5036222.40 -14.00 0.005259
284254.50 5036222.40 -14.00 0.005259
284274.50 5036222.40 -14.00 0.005262
284294.50 5036222.40 -14.00 0.005264
284314.50 5036222.40 -14.00 0.005264
284334.50 5036222.40 -14.00 0.005263
284214.50 5036242.40 -14.00 0.005260
284234.50 5036242.40 -14.00 0.002430
284254.50 5036242.40 -14.00 0.005262
284274.50 5036242.40 -14.00 0.005262
284294.50 5036242.40 -14.00 0.005262
284314.50 5036242.40 -14.00 0.005264
284334.50 5036242.40 -14.00 0.005263
284214.50 5036262.40 -14.00 0.005261
284234.50 5036262.40 -14.00 0.005261
284254.50 5036262.40 -14.00 0.005261
284274.50 5036262.40 -14.00 0.005262
284294.50 5036262.40 -14.00 0.005262
284314.50 5036262.40 -14.00 0.005263
284334.50 5036262.40 -14.00 0.005263
284214.50 5036282.40 -14.00 0.005262
284234.50 5036282.40 -14.00 0.005262
284254.50 5036282.40 -14.00 0.005262
284274.50 5036282.40 -14.00 0.005262
284294.50 5036282.40 -14.00 0.005262
284314.50 5036282.40 -14.00 0.005262
284334.50 5036282.40 -14.00 0.005263
284214.50 5036302.40 -14.00 0.005262
284234.50 5036302.40 -14.00 0.005262
284254.50 5036302.40 -14.00 0.005262
284274.50 5036302.40 -14.00 0.005262
284294.50 5036302.40 -14.00 0.005262
284314.50 5036302.40 -14.00 0.005262
284334.50 5036302.40 -14.00 0.005262
284214.50 5036322.40 -14.00 0.005262
284234.50 5036322.40 -14.00 0.005262
284254.50 5036322.40 -14.00 0.005262
284274.50 5036322.40 -14.00 0.005262
284294.50 5036322.40 -14.00 0.005262
284314.50 5036322.40 -14.00 0.005262
284334.50 5036322.40 -14.00 0.005262
284214.50 5036342.40 -14.00 0.005262
284234.50 5036342.40 -14.00 0.005262
284254.50 5036342.40 -14.00 0.005262
284274.50 5036342.40 -14.00 0.005262
284294.50 5036342.40 -14.00 0.005262
284314.50 5036342.40 -14.00 0.005262
284334.50 5036342.40 -14.00 0.005262
284214.50 5036142.40 -10.00 0.000000
284234.50 5036142.40 -10.00 0.000000
284254.50 5036142.40 -10.00 0.000000
284274.50 5036142.40 -10.00 0.000000
284294.50 5036142.40 -10.00 0.000000
284314.50 5036142.40 -10.00 0.000000
284334.50 5036142.40 -10.00 0.000000
284214.50 5036162.40 -10.00 0.000000
284234.50 5036162.40 -10.00 0.000000
284254.50 5036162.40 -10.00 0.000000
284274.50 5036162.40 -10.00 0.000000
284294.50 5036162.40 -10.00 0.000000
284314.50 5036162.40 -10.00 0.000000
284334.50 5036162.40 -10.00 0.000000
284214.50 5036182.40 -10.00 0.000000
284234.50 5036182.40 -10.00 0.000000
284254.50 5036182.40 -10.00 0.000000
284274.50 5036182.40 -10.00 0.000000
284294.50 5036182.40 -10.00 0.000000
284314.50 5036182.40 -10.00 0.000000
284334.50 5036182.40 -10.00 0.000000
284214.50 5036202.40 -10.00 0.000000
284234.50 5036202.40 -10.00 0.000000
284254.50 5036202.40 -10.00 0.000000
284274.50 5036202.40 -10.00 0.000000
284294.50 5036202.40 -10.00 0.000000
284314.50 5036202.40 -10.00 0.000000
284334.50 5036202.40 -10.00 0.000000
284214.50 5036222.40 -10.00 0.000000
284234.50 5036222.40 -10.00 0.000000
284254.50 5036222.40 -10.00 0.000000
284274.50 5036222.40 -10.00 0.000000
284294.50 5036222.40 -10.00 0.000000
284314.50 5036222.40 -10.00 0.000000
284334.50 5036222.40 -10.00 0.000000
284214.50 5036242.40 -10.00 0.000000
284234.50 5036242.40 -10.00 0.000000
284254.50 5036242.40 -10.00 0.000000
284274.50 5036242.40 -10.00 0.000000
284294.50 5036242.40 -10.00 0.000000
284314.50 5036242.40 -10.00 0.000000
284334.50 5036242.40 -10.00 0.000000
284214.50 5036262.40 -10.00 0.000000
284234.50 5036262.40 -10.00 0.000000
284254.50 5036262.40 -10.00 0.000000
284274.50 5036262.40 -10.00 0.000000
284294.50 5036262.40 -10.00 0.000000
284314.50 5036262.40 -10.00 0.000000
284334.50 5036262.40 -10.00 0.000000
284214.50 5036282.40 -10.00 0.000000
284234.50 5036282.40 -10.00 0.000000
284254.50 5036282.40 -10.00 0.000000
284274.50 5036282.40 -10.00 0.000000
284294.50 5036282.40 -10.00 0.000000
284314.50 5036282.40 -10.00 0.000000
284334.50 5036282.40 -10.00 0.000000
284214.50 5036302.40 -10.00 0.000000
284234.50 5036302.40 -10.00 0.000000
284254.50 5036302.40 -10.00 0.000000
284274.50 5036302.40 -10.00 0.000000
284294.50 5036302.40 -10.00 0.000000
284314.50 5036302.40 -10.00 0.000000
284334.50 5036302.40 -10.00 0.000000
284214.50 5036322.40 -10.00 0.000000
284234.50 5036322.40 -10.00 0.000000
284254.50 5036322.40 -10.00 0.000000
284274.50 5036322.40 -10.00 0.000000
284294.50 5036322.40 -10.00 0.000000
284314.50 5036322.40 -10.00 0.000000
284334.50 5036322.40 -10.00 0.000000
284214.50 5036342.40 -10.00 0.000000
284234.50 5036342.40 -10.00 0.000000
284254.50 5036342.40 -10.00 0.000000
284274.50 5036342.40 -10.00 0.000000
284294.50 5036342.40 -10.00 0.000000
284314.50 5036342.40 -10.00 0.000000
284334.50 5036342.40 -10.00 0.000000
284214.50 5036142.40 -6.00 0.000000
284234.50 5036142.40 -6.00 0.000000
284254.50 5036142.40 -6.00 0.000000
284274.50 5036142.40 -6.00 0.000000
284294.50 5036142.40 -6.00 0.000000
284314.50 5036142.40 -6.00 0.000000
284334.50 5036142.40 -6.00 0.000000
284214.50 5036162.40 -6.00 0.000000
284234.50 5036162.40 -6.00 0.000000
284254.50 5036162.40 -6.00 0.000000
284274.50 5036162.40 -6.00 0.000000
284294.50 5036162.40 -6.00 0.000000
284314.50 5036162.40 -6.00 0.000000
284334.50 5036162.40 -6.00 0.000000
284214.50 5036182.40 -6.00 0.000000
284234.50 5036182.40 -6.00 0.000000
284254.50 5036182.40 -6.00 0.000000
284274.50 5036182.40 -6.00 0.000000
284294.50 5036182.40 -6.00 0.000000
284314.50 5036182.40 -6.00 0.000000
284334.50 5036182.40 -6.00 0.000000
284214.50 5036202.40 -6.00 0.000000
284234.50 5036202.40 -6.00 0.000000
284254.50 5036202.40 -6.00 0.000000
284274.50 5036202.40 -6.00 0.000000
284294.50 5036202.40 -6.00 0.000000
284314.50 5036202.40 -6.00 0.000000
284334.50 5036202.40 -6.00 0.000000
284214.50 5036222.40 -6.00 0.000000
284234.50 5036222.40 -6.00 0.000000
284254.50 5036222.40 -6.00 0.000000
284274.50 5036222.40 -6.00 0.000000
284294.50 5036222.40 -6.00 0.000000
284314.50 5036222.40 -6.00 0.000000
284334.50 5036222.40 -6.00 0.000000
284214.50 5036242.40 -6.00 0.000000
284234.50 5036242.40 -6.00 0.000000
284254.50 5036242.40 -6.00 0.000000
284274.50 5036242.40 -6.00 0.000000
284294.50 5036242.40 -6.00 0.000000
284314.50 5036242.40 -6.00 0.000000
284334.50 5036242.40 -6.00 0.000000
284214.50 5036262.40 -6.00 0.000000
284234.50 5036262.40 -6.00 0.000000
284254.50 5036262.40 -6.00 0.000000
284274.50 5036262.40 -6.00 0.000000
284294.50 5036262.40 -6.00 0.000000
284314.50 5036262.40 -6.00 0.000000
284334.50 5036262.40 -6.00 0.000000
284214.50 5036282.40 -6.00 0.000000
284234.50 5036282.40 -6.00 0.000000
284254.50 5036282.40 -6.00 0.000000
284274.50 5036282.40 -6.00 0.000000
284294.50 5036282.40 -6.00 0.000000
284314.50 5036282.40 -6.00 0.000000
284334.50 5036282.40 -6.00 0.000000
284214.50 5036302.40 -6.00 0.000000
284234.50 5036302.40 -6.00 0.000000
284254.50 5036302.40 -6.00 0.000000
284274.50 5036302.40 -6.00 0.000000
284294.50 5036302.40 -6.00 0.000000
284314.50 5036302.40 -6.00 0.000000
284334.50 5036302.40 -6.00 0.000000
284214.50 5036322.40 -6.00 0.000000
284234.50 5036322.40 -6.00 0.000000
284254.50 5036322.40 -6.00 0.000000
284274.50 5036322.40 -6.00 0.000000
284294.50 5036322.40 -6.00 0.000000
284314.50 5036322.40 -6.00 0.000000
284334.50 5036322.40 -6.00 0.000000
284214.50 5036342.40 -6.00 0.000000
284234.50 5036342.40 -6.00 0.000000
284254.50 5036342.40 -6.00 0.000000
284274.50 5036342.40 -6.00 0.000000
284294.50 5036342.40 -6.00 0.000000
284314.50 5036342.40 -6.00 0.000000
284334.50 5036342.40 -6.00 0.000000
284214.50 5036142.40 -2.00 0.000000
284234.50 5036142.40 -2.00 0.000000
284254.50 5036142.40 -2.00 0.000000
284274.50 5036142.40 -2.00 0.000000
284294.50 5036142.40 -2.00 0.000000
284314.50 5036142.40 -2.00 0.000000
284334.50 5036142.40 -2.00 0.000000
284214.50 5036162.40 -2.00 0.000000
284234.50 5036162.40 -2.00 0.000000
284254.50 5036162.40 -2.00 0.000000
284274.50 5036162.40 -2.00 0.000000
284294.50 5036162.40 -2.00 0.000000
284314.50 5036162.40 -2.00 0.000000
284334.50 5036162.40 -2.00 0.000000
284214.50 5036182.40 -2.00 0.000000
284234.50 5036182.40 -2.00 0.000000
284254.50 5036182.40 -2.00 0.000000
284274.50 5036182.40 -2.00 0.000000
284294.50 5036182.40 -2.00 0.000000
284314.50 5036182.40 -2.00 0.000000
284334.50 5036182.40 -2.00 0.000000
284214.50 5036202.40 -2.00 0.000000
284234.50 5036202.40 -2.00 0.000000
284254.50 5036202.40 -2.00 0.000000
284274.50 5036202.40 -2.00 0.000000
284294.50 5036202.40 -2.00 0.000000
284314.50 5036202.40 -2.00 0.000000
284334.50 5036202.40 -2.00 0.000000
284214.50 5036222.40 -2.00 0.000000
284234.50 5036222.40 -2.00 0.000000
284254.50 5036222.40 -2.00 0.000000
284274.50 5036222.40 -2.00 0.000000
284294.50 5036222.40 -2.00 0.000000
284314.50 5036222.40 -2.00 0.000000
284334.50 5036222.40 -2.00 0.000000
284214.50 5036242.40 -2.00 0.000000
284234.50 5036242.40 -2.00 0.000000
284254.50 5036242.40 -2.00 0.000000
284274.50 5036242.40 -2.00 0.000000
284294.50 5036242.40 -2.00 0.000000
284314.50 5036242.40 -2.00 0.000000
284334.50 5036242.40 -2.00 0.000000
284214.50 5036262.40 -2.00 0.000000
284234.50 5036262.40 -2.00 0.000000
284254.50 5036262.40 -2.00 0.000000
284274.50 5036262.40 -2.00 0.000000
284294.50 5036262.40 -2.00 0.000000
284314.50 5036262.40 -2.00 0.000000
284334.50 5036262.40 -2.00 0.000000
284214.50 5036282.40 -2.00 0.000000
284234.50 5036282.40 -2.00 0.000000
284254.50 5036282.40 -2.00 0.000000
284274.50 5036282.40 -2.00 0.000000
284294.50 5036282.40 -2.00 0.000000
284314.50 5036282.40 -2.00 0.000000
284334.50 5036282.40 -2.00 0.000000
284214.50 5036302.40 -2.00 0.000000
284234.50 5036302.40 -2.00 0.000000
284254.50 5036302.40 -2.00 0.000000
284274.50 5036302.40 -2.00 0.000000
284294.50 5036302.40 -2.00 0.000000
284314.50 5036302.40 -2.00 0.000000
284334.50 5036302.40 -2.00 0.000000
284214.50 5036322.40 -2.00 0.000000
284234.50 5036322.40 -2.00 0.000000
284254.50 5036322.40 -2.00 0.000000
284274.50 5036322.40 -2.00 0.000000
284294.50 5036322.40 -2.00 0.000000
284314.50 5036322.40 -2.00 0.000000
284334.50 5036322.40 -2.00 0.000000
284214.50 5036342.40 -2.00 0.000000
284234.50 5036342.40 -2.00 0.000000
284254.50 5036342.40 -2.00 0.000000
284274.50 5036342.40 -2.00 0.000000
284294.50 5036342.40 -2.00 0.000000
284314.50 5036342.40 -2.00 0.000000
284334.50 5036342.40 -2.00 0.000000
