-1.368047580173487043e-01
-6.046124608862784439e-02
-1.814550650744134117e-02
-1.940189353332622641e-03
-3.849626931471835517e-03
-1.736288948195278264e-04
-1.380346574927724529e-04
-7.886093673355690920e-03
1.041499327177286549e-03
-2.518450542313576193e-03
-3.470917967011054317e-02
-3.432059545786995958e-02
-3.594052201326834034e-03
1.841874698455648642e-03
3.359080408350284975e-03
5.735039645849968060e-03
1.463748966071362623e-03
-2.001224225156035541e-03
7.060612328154623231e-03
8.102858258388790508e-03
1.163842329983912419e-02
1.189265833616186610e-02
1.237510634487618347e-02
2.022560811310435136e-02
1.897595255010148599e-02
1.499308477944649547e-02
2.209849440076325222e-02
3.259494615764871317e-03
1.771634859123003003e-03
6.485328829866222888e-03
7.554397403588245311e-03
8.297679641752014890e-03
-8.678300207603142913e-03
2.296744362245889057e-02
2.191101157166378682e-02
2.105192134067458351e-02
1.638202226112222409e-02
1.254204098539491406e-02
9.938763230404670801e-03
1.299498586028054918e-03
-1.875848777696826480e-02
1.047912238155657497e-02
1.291256308989417734e-02
1.556619937734407891e-02
1.718693443249733055e-02
1.856344139031553681e-02
1.767133332047639976e-02
1.431118845716806975e-02
1.846914610331052212e-02
1.020875571112903578e-02
8.056876276306157783e-03
4.272005741551891667e-03
1.284329202931389427e-02
3.978403423448260978e-03
5.351090253469088787e-03
-2.234152718256360304e-04
1.203735226913012213e-02
1.103290292524444945e-02
1.143994384785437454e-02
1.183682553344176866e-02
8.872825745492765592e-03
-2.176558869202444707e-04
9.191998877039454785e-03
3.903509158092241874e-03
5.195843410075173807e-03
7.168707537851665840e-03
1.032525638371776036e-02
5.289038022095509696e-03
2.459671884081006399e-03
1.181474626166543335e-02
8.004684848879631276e-03
1.989295873782276694e-02
2.272350241796830192e-02
2.493536051804430553e-02
7.431044569866424032e-02
4.962398623207230769e-02
2.807604607306431188e-02
1.656279100162448559e-02
1.095356150797699435e-02
1.229916890895051823e-02
1.015646329587897509e-02
7.886710503345186613e-03
8.620243026400339903e-03
7.649641684580914952e-03
6.795333093844054678e-03
5.318973997881445287e-03
5.487080948744482364e-03
7.573293210141952489e-03
7.545360471440862998e-03
7.382146976195009397e-03
6.778350646836704685e-03
7.454317729044732804e-03
1.176330804026079827e-02
1.325993046989476509e-02
2.121805463790124580e-02
2.883028503035871271e-02
7.219105545684703640e-02
-1.491240797053244860e+00
8.365446998636647674e-03
1.292006314060146002e-02
1.576276082106851939e-02
1.797387566831422714e-02
1.629872164660928213e-02
2.308134331484411328e-02
2.492217895458852597e-02
1.692073210569897124e-02
3.722770179428484469e-03
-1.714211623278027660e-02
6.431979291725105005e-03
1.213721057003248199e-02
1.349597015233173353e-02
1.684697349561472754e-02
1.860959242692578064e-02
1.277658282859255034e-02
1.818976087606921990e-02
1.423997005245337434e-02
1.734349205379298597e-02
1.504954825416083587e-02
7.691534089464019397e-03
-9.346104597663213234e-03
-4.175900516576837307e-02
9.999999928659528450e+03
2.079109756502380696e-06
1.149193580136714452e-05
3.274531906521200783e-05
6.787987976290192453e-05
4.770851476317266443e-06
9.694459008498567461e-06
2.245318266680808132e-05
2.835987811679535966e-06
2.740202530227909064e-05
7.497546464824015114e-05
1.494577962627969929e-04
2.203301409466010968e-04
1.458643949624129250e-04
4.997024824842885050e-05
-2.770274489978736057e-06
3.655290242063824122e-05
7.684872079081377441e-05
1.372619130935736915e-04
1.725781364111636691e-04
1.663624020485459081e-04
7.303689535831988516e-05
-1.054666252505555638e-04
-1.969848091747060641e-04
-1.079540194372171930e-04
1.191548769904843610e-04
1.887348868259094460e-04
1.593215184152296099e-04
8.009882840973470836e-05
-3.754366305652196562e-04
-7.061695796280755520e-04
-6.517076226741850675e-04
5.235110551603684020e-05
3.045910508951738156e-04
1.502307745505219224e-04
9.448631797148287353e-05
-4.798743124788074034e-04
-5.874494882012010698e-05
-4.040038805563873556e-06
-2.923845387423767983e-05
4.082721919990747305e-05
8.528763637388053764e-05
6.747308378008873807e-05
-8.886398944453499128e-05
-7.710768949999603078e-05
-2.404639386077256184e-05
-1.163236521876917550e-04
-2.234315764771132879e-04
8.109983859288876461e-05
4.233467512497956706e-05
-5.209202888096912433e-05
-2.524297881131224840e-04
-4.683790796584453089e-05
2.157262733716754088e-06
1.276162417412560202e-06
-2.019616065496209270e-05
1.977614246572259073e-05
1.692456512364772306e-06
-3.566101083470572808e-07
-4.422208243979805498e-06
1.363972581356807066e-05
1.144931743762801421e-05
8.424865869775984006e-06
7.932277581024129581e-06
-1.002160724163070858e-05
2.529662478841041701e-05
1.906345480777232523e-05
8.292141977157049121e-06
4.996342445427216783e-06
4.029333773174041677e-06
3.684210710478254616e-06
2.289748826701147946e-05
3.068572851545078688e-05
3.665445766789501500e-05
1.134866767417527962e-05
4.482936708941846066e-06
2.305777155650785837e-06
2.202663806116604561e-06
9.470825744226172432e-07
6.579170288678604095e-06
2.145498249829448818e-05
4.873253236844978659e-05
-4.576263289090241881e-06
1.152020969992312104e-06
9.444804246897106279e-06
3.556538457441006662e-06
1.620800854647145087e-05
5.247912425920559648e-05
1.105554720796184803e-04
1.653340025825397047e-04
1.044996724067570951e-04
2.964407549743870718e-05
7.339541976234160991e-06
3.557105522185993740e-05
6.081943337649239542e-05
1.010908650003533235e-04
1.199045296416227646e-04
1.158110798338178940e-04
4.734993160359192779e-05
-6.777723501571715839e-05
-1.265059659022952764e-04
-6.575182753834141539e-05
9.645684004961577879e-05
1.339243268759218383e-04
1.147422972113208012e-04
5.103592210042775384e-05
-2.471723058019917318e-04
-4.826130576820672480e-04
-4.879716486557309288e-04
2.346027260250946322e-05
2.167810536030470060e-04
1.034251468382020589e-04
6.356865684504662758e-05
-3.127295792609310855e-04
6.229596543444319064e-06
-2.611984588167352850e-05
-1.490817401145444303e-05
2.953832350177003699e-05
6.925158643264310576e-05
4.276034018278144361e-05
-3.560098562487533369e-05
-3.139290750806033106e-05
3.481157070816046084e-06
-2.071697585575931443e-05
-2.396436167021614473e-04
4.361184951017166647e-05
2.603220444902677039e-05
-5.241537441024509553e-05
-2.408761653386488075e-04
-4.021817650225190111e-05
3.107700059745439197e-06
-4.736241758148632824e-06
2.725566644588058723e-05
1.414922867827139025e-05
1.424476485855849517e-08
-2.566335926110566157e-06
-1.733687202636231828e-06
-4.138675349498431577e-06
5.757442600499550894e-06
6.483577261458955965e-06
4.345200182302158196e-06
-3.076294552997738130e-06
1.453650100559280428e-05
1.079123112110794147e-05
5.511492560525931006e-06
2.325333680548106324e-06
2.800756118436593597e-06
2.271590633013288035e-06
1.274380726616272663e-05
2.210004469524809445e-05
2.755056047080246470e-05
6.482601558853440249e-06
2.870549089143813876e-06
8.620735651434716096e-07
1.077374070446645779e-06
9.848070473166600086e-07
4.176594282626414079e-06
5.456899586575407468e-06
1.760195203662218155e-05
-2.900953085156017172e-05
-1.719579192889054091e-05
2.041666915030947854e-06
5.167104761220897569e-06
1.268564495793614300e-05
2.050157269433555696e-05
4.255547794628812552e-05
8.287115283169346758e-05
5.072523527015291439e-05
7.112681284070915266e-06
2.135354171067631313e-05
4.053479766897953585e-05
3.662069900604164596e-05
3.258331465140311411e-05
3.174074400992630413e-05
3.517471566264092353e-05
9.128532401300737398e-06
7.332146929169437027e-06
-1.023525601052781286e-05
9.496644867104924587e-06
5.665336388129688094e-05
3.863554567551906460e-05
2.552515453758431863e-05
7.598202707298148950e-06
-8.851189017561171025e-05
-1.259259978566903276e-04
-8.678113139068714330e-05
1.147845478778435069e-05
7.790531171008533567e-05
3.010994905678840428e-05
1.481002778322762503e-05
-1.233252647443605242e-04
-3.864982585651921369e-05
-3.185416386684803911e-05
2.490391381164847734e-06
1.785926872958291771e-05
3.728235957707083659e-05
8.164091342947269597e-06
-2.797946297651478925e-06
-2.101653555484916946e-06
1.535342024712883086e-05
2.413430963019852493e-05
-5.232396503155245168e-05
-2.416963413629565766e-06
1.320737466817181044e-06
-7.183458725691324077e-05
8.316889570310478583e-05
-5.074483539648693212e-05
-1.216052555166446253e-06
2.876799367236646671e-06
-9.809368844029484058e-06
-7.367785383582264869e-07
1.684233734235585783e-06
-3.363362995928605159e-07
-4.116491572955273404e-06
-8.569994267472545030e-06
3.118509768716692943e-07
1.570006533781545532e-06
1.582492459921772121e-06
-3.850853953164812271e-06
1.765108965700104560e-07
6.253923831648668108e-06
3.557546929687689652e-06
4.092865046631359582e-07
5.374958962330381174e-07
5.162153631109098195e-07
8.254789258086044079e-07
1.585119016628191296e-05
2.162485456642763981e-05
5.194636151631404353e-06
9.974733738496444069e-07
6.183005114772203992e-07
2.833221111222042343e-06
-9.109693823877457880e-07
-2.073029799657972322e-06
-1.716420170194774691e-06
-1.912629084862074724e-06
-6.738229388446662083e-06
2.354069291772931677e-06
-2.030969432899060872e-06
-2.286382398678475647e-06
-1.979852252914984789e-07
9.108225656768303979e-07
8.736803869518333654e-06
8.964930100397068558e-06
3.049785519731486316e-06
-3.172974599552173813e-06
-2.514667111152679019e-06
-9.013706343818927991e-10
1.000958434813591091e-05
7.503016017343551447e-06
1.068146885332531965e-05
4.036075204259283178e-06
-1.718123452985192978e-06
-9.773156103630269154e-07
-3.752767975745592566e-06
3.486799862552521223e-06
1.049597389997207475e-05
9.393005193215550608e-06
1.271051465823527793e-06
3.379585680490619637e-06
1.401431126657774404e-05
3.427989048502590175e-05
-2.261616757447040132e-05
-1.475269283008479038e-05
9.153130692871914997e-06
-4.514186631127820037e-06
7.479330250042062755e-07
2.553428512859902497e-05
2.323802381992449094e-05
-3.021021067945968766e-05
1.118952564983094478e-06
-1.813525647824517847e-05
1.325858190705415940e-05
4.031884698395098166e-06
1.846104681866569605e-05
7.344274438000376881e-07
-7.011115030968167322e-06
5.638813747301776782e-06
-6.709054996475484478e-05
2.508905059088028383e-06
-2.401015014257164293e-06
-4.236189053913059360e-05
7.010940692324664730e-05
1.282988421037918603e-05
3.851135737453423302e-07
-1.832261260252369961e-06
-1.306186561846490318e-05
-1.650653906000269788e-06
1.795142598914195586e-06
-6.651220872595266231e-07
4.402088196542655596e-07
1.510333723440037898e-05
-1.044208841578537356e-06
8.818847584538859474e-07
-4.821339333617967460e-07
5.579833880753858055e-07
1.757481538990773862e-06
-7.950281935465049188e-07
-4.690321926828847077e-07
2.158983064955329045e-06
-3.962965378100959113e-07
-4.433766485432283355e-07
-1.690973596040531296e-06
-1.344224006106543856e-06
-2.857741799938522120e-06
-9.798657386534195823e-07
-5.657258581020369048e-07
7.640169876537913907e-07
-1.093627827740938085e-06
-9.039465790543037282e-07
9.429148386682316418e-07
-1.770069385943068285e-08
2.982859728756399875e-06
-3.250364064787038959e-05
-6.817775859243309329e-06
-1.966871466313122041e-06
3.303108717315605264e-07
-1.251995388196203152e-07
5.438995428676089705e-06
1.873425826658808857e-05
4.433681515880229240e-05
1.750097584715844257e-05
-6.516479109149736493e-07
8.865188995333967564e-06
1.958285991522298874e-05
1.651578810900680705e-05
1.458061875898863935e-05
1.116632791457218554e-05
1.179267675608611926e-05
1.521660634442104088e-06
8.902032424477034078e-06
6.902539082044665403e-06
1.651117200952931935e-05
2.772141302540432478e-05
1.580087071304577678e-05
3.876021900875957493e-06
4.698592308784513283e-06
-5.968039166606015078e-06
-2.129396092264213610e-04
9.649500996903497343e-06
3.022510218137625104e-05
1.872816293420950101e-05
8.579340006888841463e-06
3.760974139307635133e-06
-3.569091334541362858e-06
-1.542162505811499481e-05
1.546858107014320929e-05
6.374042753496886315e-06
-1.604534326405705758e-06
2.087440706634823007e-06
-5.984655488009901769e-07
5.138087212518908237e-06
8.462548053401151849e-07
-4.231678658927606057e-06
-5.588334435272499824e-07
1.051938895353069121e-04
-6.217865085420600652e-06
-1.392994654910752195e-06
-1.199314144706175363e-04
-1.393082749600629800e-05
-7.822326864652786108e-05
4.984652522865146151e-06
1.642239735566951297e-07
5.737403174236634096e-06
-1.099958064951223058e-06
-1.408880045151821025e-06
1.191027411403221270e-06
1.318978444953683438e-07
-3.894487083494577867e-06
-1.075064858063919104e-06
-1.218501859468791582e-06
1.675420392501219408e-06
1.124350585626418542e-06
3.134610865507606037e-06
2.513747490448872690e-07
1.488529985712444548e-07
-2.008093851419215370e-07
3.554946163830674521e-07
2.418633563566752187e-07
1.901625854333535010e-06
3.898018180359570650e-06
-2.810507105967252617e-06
1.720311843523419926e-06
7.825673369295585435e-07
-2.500729301808078675e-07
-6.210938634037231620e-07
-1.981258712490524543e-07
-3.177187726805495716e-06
-8.015212577361634921e-06
-1.815161978656158748e-05
6.297598251564767019e-06
8.762231100771025602e-06
-2.389725568633597336e-06
-3.608753723087845811e-06
-9.982257190129829871e-06
-1.277849521222514106e-05
-1.358547622672644228e-05
-1.598576135813933874e-05
-1.193752874724743340e-05
-1.125592968422451517e-05
-1.296462290423542815e-05
-9.993054975083320857e-06
3.247070906878084251e-06
1.180510057979724386e-05
-1.370976591397177202e-05
-1.538713460203389866e-05
-1.573182139992350403e-05
6.445335804102728799e-06
2.686884081265061147e-05
1.590078337471200268e-05
1.041853446692025953e-06
-1.605723125201394264e-05
-2.061928780343856571e-05
8.554201480819034753e-06
1.152011005996753969e-04
-6.245797781082235763e-05
-2.133938532405781074e-05
6.888975228320874666e-06
-3.185723659159759441e-05
-2.390494670664704280e-05
-9.850926290090253334e-06
1.559054952696570652e-04
-1.276707843210768650e-06
-1.616204911977954517e-05
-2.345976734225568849e-06
2.208780236474588640e-05
-1.102272660531353199e-05
-4.234460042593958529e-06
2.959551985592511619e-06
1.473764428056197062e-05
-2.525088850023008563e-06
1.295515149726090371e-05
1.133450927645880506e-04
-7.110534098727760294e-06
-5.940011011209157116e-06
1.629991084580559475e-04
5.583180115578406254e-05
-1.063468532780755850e-04
-4.906196570932976064e-06
3.353432024598163724e-06
-1.063733339305185377e-05
-3.792868962287400392e-06
-6.342145287977288270e-07
1.545155702744899912e-06
2.665964750105109804e-07
-7.361181628458800252e-06
-1.743874855352888636e-06
-3.296156558784454210e-06
-4.296096809281932383e-06
1.248471712985213533e-06
-1.669768811911158390e-05
-7.451505738825282832e-06
-4.158717823406384018e-06
-2.551081579682621531e-06
-1.678210389067895381e-06
-1.072668749320208892e-06
-8.313943243365169017e-06
-2.197020965957145050e-05
-1.728946684373226794e-05
-5.874598429858081394e-06
-2.641878048486191038e-06
-8.584982870945938316e-07
-1.144784695168883648e-06
4.498936965722805797e-07
-6.742987626908759913e-06
-1.923780643514356320e-05
-5.201303930173813844e-05
4.776692071400642260e-05
4.613644933450648222e-06
-8.393196687736179107e-06
-2.085954915798972353e-06
-1.985537372856897159e-05
-6.392955863800293959e-05
-1.475425682462110089e-04
-2.354251938217468906e-04
-1.413984813996667020e-04
-2.552698674889147118e-05
-1.580937850892546667e-05
-6.348906356844121607e-05
-9.202200000166726665e-05
-1.248471681912291520e-04
-1.515328756303150129e-04
-1.399781170201546548e-04
-4.489078249172908514e-05
5.566595135382849599e-05
1.216203722351105916e-04
3.842061195685709737e-05
-1.491767435646811774e-04
-1.702233443854079403e-04
-1.186441289398659435e-04
-6.222214527586578808e-05
2.365387560423384394e-04
7.058682502640302144e-04
5.069742141662654392e-04
-6.886648014900811909e-05
-2.616413410843005174e-04
-1.118298241273765065e-04
-7.191347180247279619e-05
2.865333481160919991e-04
3.929328927565176358e-05
6.925701142642369523e-05
8.439704219464052096e-06
-5.884618615736121258e-05
-9.926186606951234101e-05
-4.990358355254700951e-05
1.765821270837959582e-05
3.206751918742849899e-05
9.483188482566160676e-06
1.680585593990787177e-05
1.315668107442502250e-04
-4.379332487423719111e-05
-2.036088161328311087e-05
1.846567395015167191e-04
4.805300323116243051e-05
2.574120029942648241e-04
-4.586406866246423020e-06
4.323293592912221678e-06
3.291316479662196107e-05
-8.001619522616035263e-06
-1.744676491854859485e-06
-6.727232422292991898e-08
5.607266559841395104e-06
-5.622896316717727189e-06
-2.955694363459323432e-06
-5.359930945712364919e-06
-5.529390132072041150e-06
5.527690373353932873e-06
-9.827794484500336492e-06
-1.157931480844868327e-05
-5.099486116144028719e-06
-3.527028413249748418e-06
-1.791125474526937891e-06
-2.177074030361610124e-06
-9.217455823321528408e-06
-2.176787753177273493e-05
-2.324629702532598000e-05
-7.731227835604953524e-06
-2.407028464543933127e-06
-2.021912810896801804e-06
-3.363128399725464485e-07
4.016851601478270070e-07
-9.349388475194146328e-06
-2.435288435641237356e-05
-6.497547011187531155e-05
1.170669705112860077e-04
1.600829261510898572e-05
-8.820191273950549540e-06
-1.717049188481559359e-06
-2.616739698101935505e-05
-9.631043044688088889e-05
-2.529810773161081557e-04
-4.482943604172087877e-04
-2.465232383968350531e-04
-3.355418958863156179e-05
-2.514227577781261158e-05
-1.301836076636070112e-04
-2.114970837415837066e-04
-2.785758249386066643e-04
-2.397719914647043413e-04
-2.281956990984584238e-04
-6.149101817277263793e-05
6.573503652317178210e-05
1.559635590012596260e-04
2.349308596307408872e-05
-3.005466127157744444e-04
-2.705717600618563843e-04
-1.826747993615073992e-04
-1.273591534376823306e-04
3.034134052801567010e-04
1.408753682892096605e-03
9.125436523444324134e-04
-7.358199839511319132e-05
-4.350474798448323091e-04
-1.649296432725097690e-04
-1.080797067654882225e-04
3.699674000356192307e-04
4.354866023468282021e-05
9.381657156473481585e-05
1.247912674799765004e-05
-9.588664691002261702e-06
-1.501360364866933736e-04
-7.683285491633692725e-05
3.262048141239597306e-05
4.146758519693843469e-05
1.401817452659280365e-05
2.010629328955790989e-05
1.289162223999564937e-04
-4.557275857965939134e-05
-2.758868781960535643e-05
2.141946127537809998e-04
5.852690420383656236e-05
2.741728429145331384e-04
-5.383394516223372755e-06
-8.627354525604169835e-06
-8.734297855075932177e-06
-9.860512515239873432e-06
-2.552681708381868142e-06
1.585343232396192042e-07
4.497592370701977704e-06
-1.876702041213405142e-06
-5.199493143202057327e-06
-5.179495835343174079e-06
-4.121685713199488982e-06
5.615519185393725785e-06
-1.365567162817278579e-05
-1.301470446095831165e-05
-6.454397479510598501e-06
-5.253981685250218997e-06
-3.002902906619909357e-06
-1.843058479176432757e-06
-1.264251185907920225e-05
-2.669102812299364511e-05
-3.307500316820487923e-05
-1.039239089670141933e-05
-2.327285346302027103e-06
-1.670720697744595279e-06
-1.023407236918402047e-06
