-1.20e+00 -3.15e-01 -1.17e-01 -6.32e-02 -5.03e-02 -3.93e-02 -2.85e-02
-1.11e+01 -2.01e+00 -5.81e-01 -2.62e-01 -1.89e-01 -1.42e-01 -1.01e-01
2.02e+00 -1.16e+01 -2.11e+00 -6.67e-01 -3.85e-01 -2.68e-01 -1.83e-01
1.46e+01 8.12e-01 -1.18e+01 -2.18e+00 -8.05e-01 -4.62e-01 -2.93e-01
4.90e+00 1.32e+01 5.48e-01 -1.19e+01 -2.39e+00 -9.48e-01 -5.11e-01
3.38e+00 3.47e+00 1.30e+01 6.97e-01 -1.21e+01 -2.74e+00 -1.10e+00
2.97e+00 1.94e+00 3.37e+00 1.38e+01 1.13e+00 -1.30e+01 -3.28e+00
2.78e+00 1.48e+00 1.68e+00 3.92e+00 1.46e+01 6.54e-01 -1.35e+01
2.66e+00 1.27e+00 1.12e+00 1.89e+00 4.38e+00 1.44e+01 3.23e-01
3.94e-01 2.42e-03 -3.88e-02 -3.61e-02 -3.46e-02 -2.84e-02 -2.12e-02
-7.46e-02 -5.14e-01 -3.30e-01 -2.17e-01 -1.81e-01 -1.41e-01 -1.01e-01
2.33e+00 -5.43e-01 -6.31e-01 -4.25e-01 -3.45e-01 -2.62e-01 -1.84e-01
3.61e+00 8.24e-01 -7.76e-01 -6.97e-01 -5.48e-01 -3.99e-01 -2.70e-01
3.41e+00 2.14e+00 5.36e-01 -9.01e-01 -9.30e-01 -6.54e-01 -4.21e-01
3.14e+00 1.99e+00 1.90e+00 3.85e-01 -1.36e+00 -1.12e+00 -6.76e-01
2.93e+00 1.69e+00 1.87e+00 2.79e+00 8.41e-01 -2.22e+00 -1.65e+00
2.75e+00 1.40e+00 1.36e+00 2.32e+00 3.76e+00 6.05e-01 -2.75e+00
2.64e+00 1.23e+00 1.03e+00 1.51e+00 2.75e+00 3.65e+00 3.43e-01
1.43e+00 3.09e-01 6.68e-02 1.34e-02 5.44e-04 -2.61e-03 -3.60e-03
1.66e+00 1.54e-01 -1.05e-01 -1.20e-01 -1.18e-01 -9.68e-02 -7.19e-02
2.40e+00 1.94e-01 -2.75e-01 -2.83e-01 -2.64e-01 -2.10e-01 -1.51e-01
2.98e+00 8.41e-01 -1.31e-01 -3.82e-01 -4.08e-01 -3.24e-01 -2.29e-01
3.09e+00 1.49e+00 5.19e-01 -2.72e-01 -5.80e-01 -4.93e-01 -3.46e-01
2.99e+00 1.64e+00 1.17e+00 3.14e-01 -5.55e-01 -6.62e-01 -5.02e-01
2.83e+00 1.47e+00 1.21e+00 1.05e+00 4.52e-01 -4.51e-01 -7.10e-01
2.70e+00 1.29e+00 1.05e+00 1.29e+00 1.50e+00 5.09e-01 -6.48e-01
2.62e+00 1.18e+00 8.95e-01 1.11e+00 1.60e+00 1.48e+00 3.43e-01
