-1.49e+00
-3.63e-01
-1.27e-01
-6.62e-02
-5.18e-02
-4.03e-02
-2.92e-02
-1.64e+01
-2.32e+00
-6.27e-01
-2.69e-01
-1.89e-01
-1.41e-01
-1.00e-01
1.99e+00
-1.70e+01
-2.47e+00
-7.21e-01
-3.93e-01
-2.68e-01
-1.83e-01
2.00e+01
8.09e-01
-1.72e+01
-2.55e+00
-8.62e-01
-4.75e-01
-2.97e-01
5.26e+00
1.86e+01
5.50e-01
-1.73e+01
-2.74e+00
-1.01e+00
-5.29e-01
3.43e+00
3.83e+00
1.84e+01
7.28e-01
-1.75e+01
-3.11e+00
-1.19e+00
2.98e+00
1.99e+00
3.68e+00
1.91e+01
1.12e+00
-1.82e+01
-3.59e+00
2.78e+00
1.49e+00
1.72e+00
4.21e+00
1.98e+01
6.57e-01
-1.87e+01
2.66e+00
1.27e+00
1.14e+00
1.95e+00
4.67e+00
1.96e+01
3.19e-01
-1.81e-01
-1.26e-01
-7.30e-02
-4.89e-02
-4.24e-02
-3.39e-02
-2.50e-02
-2.15e+00
-9.76e-01
-4.18e-01
-2.36e-01
-1.87e-01
-1.44e-01
-1.03e-01
2.27e+00
-1.22e+00
-7.87e-01
-4.55e-01
-3.52e-01
-2.64e-01
-1.85e-01
4.26e+00
8.22e-01
-1.43e+00
-8.49e-01
-5.79e-01
-4.08e-01
-2.74e-01
3.56e+00
2.79e+00
5.39e-01
-1.55e+00
-1.08e+00
-6.90e-01
-4.33e-01
3.17e+00
2.15e+00
2.58e+00
4.47e-01
-2.01e+00
-1.31e+00
-7.32e-01
2.95e+00
1.78e+00
2.34e+00
4.86e+00
1.04e+00
-4.23e+00
-2.22e+00
2.76e+00
1.43e+00
1.49e+00
2.90e+00
5.89e+00
6.31e-01
-4.84e+00
2.65e+00
1.25e+00
1.07e+00
1.67e+00
3.35e+00
5.76e+00
3.37e-01
9.56e-01
1.52e-01
7.49e-03
-1.62e-02
-2.11e-02
-1.87e-02
-1.46e-02
1.08e+00
-1.45e-01
-2.32e-01
-1.83e-01
-1.62e-01
-1.28e-01
-9.26e-02
2.39e+00
-1.37e-01
-4.90e-01
-3.87e-01
-3.30e-01
-2.54e-01
-1.79e-01
3.26e+00
8.28e-01
-4.10e-01
-5.68e-01
-5.12e-01
-3.84e-01
-2.63e-01
3.28e+00
1.77e+00
5.32e-01
-5.43e-01
-7.97e-01
-6.11e-01
-4.04e-01
3.10e+00
1.85e+00
1.50e+00
3.20e-01
-9.62e-01
-9.34e-01
-6.15e-01
2.89e+00
1.59e+00
1.51e+00
1.63e+00
5.90e-01
-1.07e+00
-1.13e+00
2.73e+00
1.35e+00
1.21e+00
1.76e+00
2.36e+00
5.64e-01
-1.43e+00
2.63e+00
1.21e+00
9.66e-01
1.32e+00
2.14e+00
2.30e+00
3.46e-01
1.77e+00
4.58e-01
1.37e-01
5.41e-02
3.23e-02
2.14e-02
1.30e-02
1.97e+00
4.06e-01
4.22e-02
-3.36e-02
-5.33e-02
-4.96e-02
-4.03e-02
2.37e+00
5.07e-01
-4.91e-03
-1.18e-01
-1.48e-01
-1.30e-01
-9.99e-02
2.72e+00
8.61e-01
1.35e-01
-1.40e-01
-2.33e-01
-2.11e-01
-1.63e-01
2.85e+00
1.23e+00
4.99e-01
-1.01e-02
-2.79e-01
-2.96e-01
-2.41e-01
2.83e+00
1.36e+00
8.53e-01
3.38e-01
-1.34e-01
-3.19e-01
-3.25e-01
2.75e+00
1.32e+00
9.54e-01
7.47e-01
4.17e-01
-9.76e-02
-3.78e-01
2.66e+00
1.22e+00
9.02e-01
9.41e-01
9.97e-01
4.53e-01
-2.16e-01
2.59e+00
1.15e+00
8.15e-01
9.01e-01
1.17e+00
9.89e-01
3.32e-01
