9.840792001537876388e+01
1.444490825734087025e+02
1.198220720119881975e+02
7.398406363544170006e+01
4.234122010968911809e+01
2.350547314843349511e+01
-6.702063039724218640e+01
4.981170342140661944e+01
9.644673473473808656e+01
8.778800538170247592e+01
7.427816783676721002e+01
4.191169119267928522e+01
2.518667464221196184e+01
1.671893531205434158e+01
4.340204069408372334e+01
6.901825145033805597e+01
7.013003130642744054e+01
5.886763799889247650e+01
3.531675503963882079e+01
2.287885878707224663e+01
3.157886432525731379e+01
3.650454119745513992e+01
4.913411917814291741e+01
5.070442274471044186e+01
4.380529806417979444e+01
3.039877627922053804e+01
1.709153326679940221e+01
2.822285338359980500e+01
2.254571414850386191e+01
3.364287787655407413e+01
4.054089947651012693e+01
3.297728499410082037e+01
2.421989740410738179e+01
4.977411080841836366e+00
1.956749302049049533e+01
2.734620391890603486e+01
2.607909832433093200e+01
3.021517655696942839e+01
2.742140303017183811e+01
1.928357563308174960e+01
-4.175245367322824919e+00
1.527433051510439554e+01
2.341737107919083272e+01
2.323167824016772443e+01
1.980508906037179528e+01
2.269097224704862370e+01
1.625982617231336746e+01
-6.777375986981262201e+00
1.791136597488648263e+01
1.690965973504664177e+01
1.950187948748058631e+01
1.844746736847764623e+01
2.158775009901944131e+01
1.363872679862438986e+01
7.477803200816126150e+01
7.844542117970365780e+01
6.726141066610155406e+01
3.941937975637711844e+01
2.716209643934580953e+01
1.200942049770008069e+01
1.603621263953323819e+02
1.019332141325929371e+02
8.289974281471529594e+01
6.537740600666047897e+01
3.350897376258448190e+01
2.363922964043348074e+01
1.491875915679999842e+01
1.274157731385329839e+02
9.777188098136650751e+01
7.881598965859238604e+01
5.767559818491498902e+01
3.703212503590984284e+01
1.890226347558633790e+01
5.500809685468230015e+00
7.409372674795196190e+01
6.987259967823831630e+01
6.173412604811655058e+01
4.481911805503945345e+01
3.013389769624357228e+01
1.498377220978466795e+01
-5.113042443625701594e-01
-1.043043257021393089e+01
4.754025210983055416e+01
3.905599305133947041e+01
3.357675276079544346e+01
1.549225709596700540e+01
-3.856665283788352383e+00
-3.524890270073875342e+00
-2.534324533119041689e+01
2.161846827519877934e+01
1.595208563678379221e+01
1.929938331808739349e+01
7.493563009266374308e+00
-1.578613617100082145e+01
-5.642185378948967767e+00
-1.070857397364231112e+01
1.343523969447299748e+01
5.393151080839977851e+00
1.170294039606542569e+01
1.274182078021446785e+00
-1.459799466174322369e+01
-6.288950530649707105e+00
-6.768898022003542181e+00
6.779339045530374364e+00
2.189319870041934735e+00
1.719009425462090235e-01
-6.592189939007930377e+00
-1.490011580064649266e+01
2.153816360610635172e+01
3.103388943228551966e+01
2.271759442971325171e+01
4.422431253862772849e+01
3.361121515235979018e+01
1.986655953957958332e+01
7.343486099546305468e+01
4.378456902879412382e+01
3.011893269080704982e+01
1.599402556645753037e+01
8.570453528668735999e+01
6.908366819909872447e+01
4.540400381812513331e+01
2.483332887250200827e+01
1.782938048470786896e+01
7.855531140559355663e+01
9.097325434812475464e+01
6.693346306528771095e+01
4.280281685333160624e+01
1.799311413189268904e+01
1.003133588074677363e+01
1.112979193203933619e+02
9.297793316834039956e+01
6.057624841925461112e+01
3.122553516634256354e+01
7.417172506234017249e+00
1.688695653602325137e+02
1.201440744551442492e+02
8.000772597337538627e+01
4.727413795385668749e+01
1.990389361716758287e+01
-1.421449690827097001e+01
1.604354942277103078e+02
9.911547896014243975e+01
5.900340335722330565e+01
3.097254276571037579e+01
-1.952272239981148516e+00
1.144953182657718855e+02
7.544021399690808494e+01
3.336578658515495732e+01
1.229594670880059937e+01
6.905424395314759067e+01
4.197094387430412610e+01
1.652275782696882800e+01
3.579361583683075310e+01
2.336752354837481604e+01
1.736367413234772528e+01
3.169933262348807901e+00
-3.231699681907615940e+01
-2.204924253046642946e+01
-5.768641753704429220e+00
-3.348092163201805249e+01
-2.810516974258681344e+01
-9.952841865521111941e+00
-3.060802038630615840e+01
-3.542590767768568583e+01
-2.466605206951287954e+01
-5.711119386571940026e+01
-2.706263828760546275e+01
-3.187903112556897156e+01
-2.791388626810402940e+01
-2.530505628848952426e+01
-2.643956539407043493e+01
-3.871145205785793308e+01
-3.015523659586991911e+01
-2.857384950529012002e+01
-1.910570455528569056e+01
-1.849138160133815134e+01
-3.245518490616143481e+01
-3.694136224569329130e+01
-4.472917118665510827e+01
-2.491520157976404448e+01
1.477750007407528976e+01
-1.535942349442175825e+01
-1.141579842127973876e+01
-4.723260135011639704e+01
-5.608097326947044792e+01
-3.456916093176968019e+01
2.939518350568569360e+01
2.520699815480911354e+01
1.866553024601234512e+01
-7.701498288977580842e+01
-5.172622289467568635e+01
3.643741688674275281e+01
5.422485388423010022e+01
2.716912077472292353e+01
-9.079028596948892016e+01
-6.683678192786697281e+00
7.000724971214901871e+01
5.897005813512033967e+01
-6.450774214174082033e+01
8.729448430821720706e+01
7.643749634855667807e+01
1.157935578206179343e+02
1.003047754177152342e+02
1.739283779183264187e+02
9.999490520595372800e+03
-1.000050947940462898e-01
-1.000050947940462481e-01
-1.000050947940462620e-01
-1.000050947940462898e-01
-1.000050947940462620e-01
-1.000050947940463036e-01
-1.000050947940463730e-01
-1.000050947940465673e-01
-1.000050947940518964e-01
-1.000050947940405444e-01
-1.000050947940735735e-01
-1.000050947940208934e-01
-1.000050947940630403e-01
-1.000050947940895052e-01
-1.000050947939738755e-01
-1.000050947940132051e-01
-1.000050947941663743e-01
-1.000050947939491869e-01
-1.000050947940772927e-01
-1.000050947940464008e-01
-1.000050947940462759e-01
-1.000050947940461926e-01
-1.000050947940462898e-01
-1.000050947940463453e-01
-1.000050947940463036e-01
-1.000050947940453183e-01
-1.000050947940515078e-01
-1.000050947940541168e-01
-1.000050947941405755e-01
-1.000050947941939772e-01
-1.000050947939655488e-01
-1.000050947940024915e-01
-1.000050947940209489e-01
-1.000050947942520418e-01
-1.000050947938823098e-01
-1.000050947940793467e-01
-1.000050947940470392e-01
-1.000050947940459983e-01
-1.000050947940463730e-01
-1.000050947940462898e-01
-1.000050947940464841e-01
-1.000050947940471779e-01
-1.000050947940478580e-01
-1.000050947940998441e-01
-1.000050947943763313e-01
-1.133091640014212420e-01
-1.551173979945978942e-01
-1.000050947934148921e-01
-1.000050947942462132e-01
-1.000050947940447910e-01
-1.000050947942133645e-01
-1.000050947938489893e-01
-1.000050947941113211e-01
-1.000050947940476359e-01
-1.000050947940456375e-01
-1.000050947940459983e-01
-1.000050947940463730e-01
-1.000050947940464979e-01
-1.000050947940464285e-01
-1.000050947940550466e-01
-1.000050947941050344e-01
-1.000050947939518931e-01
-1.000050947927279971e-01
-4.678881796504125168e-02
1.204441180093072800e-01
-1.000050947953554509e-01
-1.000050947934177370e-01
-1.000050947943351698e-01
-1.000050947938531665e-01
-1.000050947941082680e-01
-1.000050947940460816e-01
-1.000050947940454987e-01
-1.000050947940464008e-01
-1.000050947940463314e-01
-1.000050947940464008e-01
-1.000050947940466783e-01
-1.000050947940849533e-01
-1.000050947941377721e-01
-1.000050947940094581e-01
-1.133091640000555150e-01
-1.019011211698238328e-01
-3.920471247376330903e-02
-7.081364563769225740e-01
1.071400488031906684e-01
-1.551173979951191439e-01
-1.000050947939467860e-01
-1.000050947940921975e-01
-1.000050947940461926e-01
-1.000050947940460816e-01
-1.000050947940464285e-01
-1.000050947940463592e-01
-1.000050947940462898e-01
-1.000050947940465396e-01
-1.000050947940494817e-01
-1.000050947939482016e-01
-1.000050947936639845e-01
-1.000050947941593660e-01
-1.000050947958549818e-01
-1.000050947887042435e-01
-4.678881797462125514e-02
1.204441180134011025e-01
-1.000050947949344404e-01
-1.000050947940193252e-01
-1.000050947940721024e-01
-1.000050947940515217e-01
-1.000050947940441942e-01
-1.000050947940467061e-01
-1.000050947940462898e-01
-1.000050947940462759e-01
-1.000050947940465118e-01
-1.000050947940818030e-01
-1.000050947939750134e-01
-1.000050947942348889e-01
-1.000050947946249102e-01
-1.000050947939306878e-01
-1.000050947937868445e-01
-1.000050947944473301e-01
-1.133091639981249898e-01
-1.551173979951009640e-01
-1.000050947941178020e-01
-1.000050947940445134e-01
-1.000050947940489682e-01
-1.000050947940424179e-01
-1.000050947940467894e-01
-1.000050947940464008e-01
-1.000050947940462620e-01
-1.000050947940464979e-01
-1.000050947940462759e-01
-1.000050947940467061e-01
-1.000050947940471779e-01
-1.000050947939025298e-01
-1.000050947937488888e-01
-1.000050947939375157e-01
-1.000050947940608337e-01
-1.000050947940469004e-01
-1.000050947948372404e-01
-1.000050947940711032e-01
-1.000050947938881246e-01
-1.000050947940823443e-01
-1.000050947940294005e-01
-1.000050947940516743e-01
-1.000050947940465118e-01
-1.000050947940462759e-01
-1.000050947940463453e-01
-1.000050947940461510e-01
-1.000050947940466783e-01
-1.000050947940453738e-01
-1.000050947940445967e-01
-1.000050947940807206e-01
-1.000050947941212576e-01
-1.000050947940913509e-01
-1.000050947941422824e-01
-1.000050947939873369e-01
-1.042381739130333884e-01
-1.000050947937755064e-01
-1.000050947945264473e-01
-1.000050947938595086e-01
-1.000050947940925167e-01
-1.000050947940465812e-01
-1.000050947940463036e-01
-1.000050947940462481e-01
-1.000050947940462204e-01
-1.000050947940462343e-01
-1.000050947940460400e-01
-1.000050947940463869e-01
-1.000050947940468449e-01
-1.000050947940470947e-01
-1.000050947940464979e-01
-1.000050947941420604e-01
-1.000050947939526425e-01
-1.000050947939359891e-01
-8.307277831827933334e-02
-1.000050947944840646e-01
-1.000050947937008300e-01
-1.000050947940983453e-01
-1.000050947940474971e-01
-1.000050947940463453e-01
-1.000050947940462759e-01
-1.000050947940462620e-01
-1.000050947940462620e-01
-1.000050947940462759e-01
-1.000050947940463314e-01
-1.000050947940462898e-01
-1.000050947940462759e-01
-1.000050947940462898e-01
-1.000050947941432122e-01
-1.000050947937917017e-01
-1.276710182450208619e-01
-8.699557724953056737e-02
-1.508020442209082879e-01
-8.307277831820006342e-02
-1.042381739130172763e-01
-1.000050947940527568e-01
-1.000050947940465396e-01
-1.000050947940462620e-01
-1.000050947940462759e-01
-1.000050947940462620e-01
-1.000050947940462620e-01
-1.000050947940462620e-01
-1.000050947940462620e-01
-1.000050947940462759e-01
-1.000050947940462759e-01
-1.000050947941135554e-01
-1.000050947938043444e-01
-1.000050947936485246e-01
-6.273717465788732073e-03
-8.431389907083595980e-02
-8.307277831886641928e-02
-1.000050947939234991e-01
-1.000050947940834545e-01
-1.000050947940467339e-01
-1.000050947940462481e-01
-1.000050947940462898e-01
-1.000050947940462620e-01
-1.000050947940462620e-01
-1.000050947940462620e-01
-1.000050947940462620e-01
-1.000050947940462759e-01
-1.000050947940462620e-01
-1.000050947940974710e-01
-1.000050947939882390e-01
-1.234379391265608278e-01
-1.019651639524363218e-02
-3.655080310610931971e-01
-5.334730463015944363e-02
-1.119798225234547029e-01
-1.039278937245269596e-01
-1.000050947940546858e-01
-1.000050947940462620e-01
-1.000050947940462759e-01
-1.000050947940462481e-01
-1.000050947940462620e-01
-1.000050947940462620e-01
-1.000050947940462620e-01
-1.000050947940462620e-01
-1.000050947940462620e-01
-1.000050947940494539e-01
-1.000050947940495788e-01
-1.000050947939863932e-01
-1.000050947939837287e-01
-1.000050947938687929e-01
-6.273717464576646086e-03
-8.431389907188648059e-02
-1.000050947940909485e-01
-1.000050947940506890e-01
-1.000050947940462620e-01
-1.000050947940462620e-01
-1.000050947940462620e-01
-1.000050947940462620e-01
-1.000050947940462620e-01
-1.000050947940462620e-01
-1.000050947940462620e-01
-1.000050947940462620e-01
-1.000050947940531731e-01
-1.000050947940221147e-01
-1.000050947940784030e-01
-1.000050947940791524e-01
-1.000050947940161888e-01
-1.000050947939916807e-01
-1.234379391263580872e-01
-1.039278937245388251e-01
-1.000050947940545887e-01
-1.000050947940462620e-01
-1.000050947940462620e-01
-1.000050947940462620e-01
-1.000050947940462620e-01
-1.000050947940462620e-01
-1.000050947940462620e-01
-1.000050947940462620e-01
-1.000050947940462620e-01
-1.000050947940491208e-01
-1.000050947940327173e-01
-1.000050947940680501e-01
-1.000050947940336749e-01
-1.000050947940246682e-01
-1.000050947940581136e-01
-1.000050947940876317e-01
-1.000050947941019119e-01
-1.000050947940503698e-01
-1.000050947940462620e-01
-1.000050947940462620e-01
-1.000050947940462620e-01
-1.000050947940462620e-01
-1.000050947940462620e-01
-1.000050947940462620e-01
-1.000050947940462620e-01
-1.000050947940462620e-01
-1.000050947940462620e-01
-1.000050947940434171e-01
-1.000050947940538948e-01
-1.000050947940398505e-01
-1.000050947940462898e-01
-1.000050947940513135e-01
-1.000050947940489543e-01
-1.000050947940476359e-01
-1.000050947940463730e-01
-1.000050947940462759e-01
-1.000050947940462620e-01
-1.000050947940462620e-01
-1.000050947940462620e-01
-1.000050947940462620e-01
-1.000050947940462620e-01
-1.000050947940462620e-01
-1.000050947940462620e-01
-1.000050947940462620e-01
-1.000050947940462620e-01
