-4.068171121431812809e-02
-9.144284283146374148e-02
-7.008305230207105552e-02
-3.766750592322218316e-02
-2.191474769787599142e-02
-7.171609954225891675e-03
9.884298492082500831e-02
1.214445757512472301e-02
3.393733920900605938e-02
1.311122806896464765e-01
1.733347252087430179e-01
3.249767814502038665e-01
4.275186343812245937e+00
2.945308029282621698e-01
1.148920489877747614e-01
9.368288013589054497e-02
1.061749193815031550e-01
7.525482127342761340e-02
4.412509941286835158e-02
8.667879639341111164e-02
1.558848180039321685e-01
2.000558623356843424e-01
5.463998670413159342e-01
1.647088464254857498e-01
2.562057707708684240e-01
1.732516025936720327e-01
1.045482459533312036e-01
5.936518648264762360e-02
-4.557286692358730046e-03
3.666577018314856606e-02
2.201833841075317988e-02
8.520812384437148612e-02
1.098106068759390486e-01
1.219131127196797365e-01
8.599489808405269553e-02
6.258254372776643482e-02
5.417139576171590282e-02
4.327738172337582817e-02
3.293383571260951465e-02
2.665253189825032148e-02
2.888997633720530311e-02
3.362359272981266245e-02
4.007046439821361494e-02
4.719689135575386163e-02
6.030767980546526685e-02
7.459296734403422779e-02
8.874533459388184164e-02
9.435176014869361971e-02
3.574880588626018485e-02
5.488917441638826306e-02
5.693156616441499840e-02
4.790972177842785229e-02
3.791181284891176340e-02
5.175520031873629551e-02
6.575348753254101064e-02
6.929152929000442773e-02
6.405587741321669415e-02
5.655968422931278994e-02
5.432982977149092285e-02
5.467389259198063289e-02
4.736241541841385710e-02
3.951461864502547189e-02
3.622875135037015998e-02
2.328290373049422823e-02
2.351297784370507890e-02
2.759436038400136376e-02
4.051683176263382730e-02
5.549115609797159593e-02
6.125574743186886634e-02
6.255844998999894602e-02
5.812998410874553601e-02
5.090951865636469953e-02
3.760306200546689737e-02
2.436991765889723327e-02
-1.494960750080567835e-02
1.631428187768377280e-02
3.700236490370215070e-02
4.660689600274585398e-02
4.939125842985381265e-02
4.950716027121843110e-02
4.637296742253416149e-02
4.199861182036891682e-02
3.663917674807651292e-02
3.166829549449674819e-02
2.760108142828941735e-02
2.413057191033367993e-02
2.463069326342956500e-02
2.781289686472292882e-02
3.086013464509112375e-02
3.435569940520630250e-02
3.626745120253367649e-02
4.026154129589611108e-02
4.161297163311414304e-02
4.096361944190103632e-02
3.699371765251920074e-02
2.562708010456981461e-02
-7.712481540798787893e-03
-3.122855653123133290e-01
2.981688340077475602e-02
3.705488597331303008e-02
4.937714080190894195e-02
5.762671928247486280e-02
7.360251968826228564e-02
9.872489097678098513e-02
2.177400939491287157e-01
2.623217880965538207e-01
1.186238943000126778e+00
1.148664762221694113e+00
3.124386556329772358e-02
3.503253350796400878e-02
4.489817065506313681e-02
5.425013872561006839e-02
6.615398934703588252e-02
8.247249787870129800e-02
9.171302888964374955e-02
1.050253159612459797e-01
1.676690922325859145e-01
1.433419829725527395e-01
2.595483647294183349e-01
2.403891668502426138e-01
1.673692639718374064e-01
9.999999786913551361e+03
-6.033683579923468539e-07
2.484777685441233610e-06
2.309845456360493869e-06
1.628169012210903841e-05
2.016529830117414781e-05
1.385428327164149495e-05
-8.812230990176475994e-06
1.407606510635807476e-06
2.640933072441700681e-06
2.694099664842062870e-05
2.151732965891317142e-05
1.087975595257803719e-05
9.692506303692698089e-06
8.645128788878724116e-06
2.861681510752943797e-06
6.195541112599509028e-06
2.009362487578200359e-05
5.747566355668103869e-06
2.184867939860070363e-06
1.887373419657095800e-05
9.543698146309626587e-06
1.149787557954959404e-06
8.355795409655523325e-06
4.736629645767356838e-05
4.073226980920947518e-05
1.823873375111379687e-05
6.473237068143691006e-06
1.681140553261598760e-05
-3.742527692535947638e-06
3.593143759742047002e-06
1.535147983009777254e-04
4.812545924909154577e-06
1.635232581176182212e-05
-7.151416227726225232e-06
1.529026834530770992e-05
-5.672361505405345617e-06
3.733224455026397170e-05
1.116984148545972015e-05
3.756328905573277899e-06
4.263519954771820752e-06
3.803857703414047177e-06
-3.636174156881706105e-06
-7.732202459223153350e-06
6.969862600026520422e-06
-2.689058437430391960e-06
-5.966622378467922432e-06
3.234066196479945499e-05
-2.073627939533377238e-06
2.361841506961752114e-06
-3.396441510609904608e-07
-1.354479010330633422e-05
-1.114071269766384314e-07
2.968753540062382158e-08
1.533119143767192754e-08
-7.254890606084142351e-08
5.455157121703463065e-07
3.430940699654910612e-07
7.931589151926021877e-07
1.256039575509816859e-06
-2.817656638777249053e-06
-1.546338337248989958e-06
-7.608382177076524248e-07
-1.126827486733034090e-07
1.398358471565727212e-06
-4.997648696932042711e-06
-4.016370350561851787e-06
-1.321622374640579923e-06
-1.198874511343680276e-06
-5.731148538170014503e-07
-2.768875106828792924e-07
-4.040997880181111605e-06
-5.456995260360489360e-06
-5.822616717681576421e-06
-1.607135562882815296e-05
-1.074611202576633380e-06
-6.818502453646002728e-07
-2.965713037915451190e-07
-3.122643153751422109e-07
6.581587840819719259e-07
1.283740851381714706e-06
9.497572452328108315e-06
1.395707001988825247e-05
8.849307409679122436e-06
6.905366134185242041e-06
7.967465928260993317e-07
1.605630528616913704e-06
1.573057067717133109e-05
1.330947693260419958e-05
2.881756430885636273e-06
5.296293631722118341e-06
5.161265493656302418e-06
1.796539255019274515e-06
3.968673750269822000e-06
3.229472127718304651e-06
-1.076819550373137057e-06
-2.467464493302330133e-06
1.384204963123082742e-05
5.902324529890372816e-06
2.626614216475733812e-07
5.274368817468208178e-06
2.158152837146522148e-05
8.800576871251448215e-05
9.756827581965894021e-06
2.012141543507282317e-06
1.284273595212990929e-05
-2.947848628014005447e-06
3.079917366242284921e-07
1.956115750090420843e-04
-1.560184485796836348e-06
5.167433783393282593e-06
-8.469450372029583413e-06
9.064490774074977645e-06
-4.878844906101164361e-06
2.116569045483275108e-05
7.709477277885917789e-06
2.408415051695687810e-06
2.559766098030506829e-06
-7.981347601987358689e-06
-4.213671585601009412e-06
-4.458595009845851305e-06
-1.412525904201683178e-06
-1.069943650947756457e-06
-3.295924899618713389e-06
3.100298704623585474e-05
-4.649517366005020166e-06
1.488136927420604381e-06
-3.074786805053548653e-07
-1.288438444171934827e-05
-8.104136541424545128e-08
4.982941122886830007e-08
1.490307554193986668e-07
-2.299313476020003024e-06
3.469148621127357795e-07
2.231938316096180848e-07
4.860996780651302576e-07
4.139766660857549204e-07
5.447625202626096993e-07
-8.241572691463490646e-07
-5.092645137767044979e-07
-9.088215959264568677e-08
4.899786704972171184e-07
-2.307383897326998400e-06
-2.274089216402090582e-06
-8.541988730768697758e-07
-6.757748062821041500e-07
-3.467247806712533866e-07
-2.437294927825438121e-07
-2.260329235054653579e-06
-3.362797885101949806e-06
-3.746308962666067886e-06
7.994645703081774209e-08
-6.074100909531164849e-07
-3.548348380583435586e-07
-2.534554250769831935e-07
-6.529926395897810111e-08
-4.965189392137949452e-07
-4.126843076704335856e-08
-2.030987331433698243e-07
1.402244878297528212e-06
2.645420186444882318e-07
4.711692596364526519e-06
-1.431079687053214266e-07
1.653385270864316924e-08
-5.437347765773557881e-07
3.662826634189599593e-07
-7.302107858046366011e-06
1.019169849226085503e-06
-3.752858362012951600e-07
-3.924811332227054082e-08
2.281212631117059998e-07
-1.653829794167532895e-05
4.937264817338172206e-05
4.757914849236267242e-05
4.577815197927276184e-07
-7.362025002669085562e-08
-1.376477709330733122e-07
6.392995838791395557e-08
4.576032844618465369e-05
2.020852010512103351e-05
3.851570733354730419e-05
-7.950802913743606039e-06
3.043585076918694089e-06
-6.955017408396031047e-07
-2.502569716209413885e-06
5.270426027984863380e-05
-5.352352226121525421e-06
7.409121608649054454e-05
-9.223588129754379942e-06
-3.362826467579187358e-07
-1.427436409272189299e-06
-1.736963435400421018e-04
-3.392488247004591295e-07
2.990875449393001913e-07
-4.601004394203092379e-07
1.647811879058061696e-07
1.104189878730634476e-05
-1.464642619000288033e-06
-1.918516139089995265e-06
-8.122974011282111783e-07
9.324356288511044489e-07
-2.260383993479691286e-05
-5.796766413279340617e-06
3.983865694682408231e-08
-3.485363047796630263e-08
6.964410615107768682e-06
-2.470888916789834881e-08
1.675432412512792399e-07
2.988877697105579451e-08
6.948169272468006190e-07
3.278307169989996524e-08
-1.363014492406915438e-09
-3.593132636015361546e-08
8.614306327322227876e-08
1.414887687735008300e-06
9.653689428105490097e-08
1.363481347557780454e-08
-2.080545299307641439e-08
2.367086669893714193e-08
1.279585954024148141e-06
2.400746491016628875e-07
-2.494279480830480320e-07
8.847002103397837679e-08
5.363849386811939102e-08
-1.293589977623222438e-08
7.008761526281674994e-07
3.081093250761672250e-08
-1.534058567167458841e-07
4.446579329866201936e-06
6.454647366820512430e-08
6.251981482668120087e-08
-7.173667969380918960e-08
1.607509997585137998e-06
-1.370418989134384951e-07
-7.878231385560344527e-06
-5.119649387648055354e-07
2.099811564326871513e-06
5.510118913869114544e-08
-4.103150558406804048e-07
-4.311236538959568572e-08
-1.640388539239374509e-07
-5.009661451365826439e-07
-5.923365736834579993e-06
-3.012439013372114399e-06
4.463939123246495359e-07
-4.379433752101259810e-07
8.516214669136793749e-08
4.054530726901715452e-07
-1.534589152612292128e-05
1.864772481191453437e-05
1.788694852857290393e-05
-4.296201893015246204e-06
1.082894764082434412e-07
-2.283293764719640517e-07
-2.391123441240842465e-07
1.677772682396970184e-05
-8.028551764443337497e-06
1.512999540676429524e-05
-7.182218185366326326e-06
-3.378649462049617704e-06
-7.307817336157891109e-07
-4.743995901706539063e-06
1.632378558888169823e-04
-6.748019056823580412e-06
1.623067957366220761e-05
-9.656877235919725667e-06
-3.160680032989030041e-07
-1.083195342432475861e-06
2.199418625053074845e-05
-2.556240928579069419e-06
-1.402546996253384325e-07
1.189783029092356429e-06
1.789620651149282184e-06
5.972916044508236062e-06
4.742632122276272050e-07
3.370058735649675177e-07
3.992126913546822421e-07
-2.975692607743907659e-07
-1.847497549584879804e-05
-6.536691436897273315e-06
-1.546712307613339749e-08
-4.482844489839862400e-06
4.778671748387723498e-06
2.511070360287776513e-08
-6.251493924385053314e-08
-1.650577650505580360e-07
7.712159816603754458e-07
-2.355190429428899185e-08
-6.732907158190514938e-09
-2.187374669015821650e-08
-1.123486003070188184e-07
-1.754428749140652874e-06
2.038908977655002881e-07
1.432213576389534081e-08
3.051897832403159018e-08
2.893751927245078750e-08
-1.259980101876613382e-07
2.975268062410936867e-07
-2.234931814817115722e-06
1.486550353506466506e-07
-2.317608662881514734e-09
6.204306042884973819e-08
3.887329124729740285e-07
1.447002260769227061e-07
-3.502713149109523574e-08
1.376612440999812174e-07
4.434828707024028984e-08
1.662040189561936397e-08
5.024686752658834668e-08
2.474036546543207054e-06
-1.072997347643836041e-07
-1.119194079412875315e-05
-9.882692274998567967e-07
4.850311337529334505e-06
-3.224428972798060525e-07
-4.595855466347424471e-07
8.212151326722537479e-09
-2.113709145975609387e-07
-5.890401203045299945e-07
-1.107629207429731109e-06
3.124304913728087228e-05
2.252190987625892794e-08
-7.106838948294240312e-07
6.206726923333594345e-08
5.211317228625476873e-07
4.577484935687291229e-05
-9.596460631276741292e-06
-8.326885739601090890e-06
4.553988867684726502e-07
-2.465071465000174969e-07
-4.011240863846391239e-07
-6.987403303609115816e-07
-1.138802912974736783e-05
-1.854419721676332355e-06
-5.547002644912466516e-06
3.329200030985495786e-05
-2.179752201595736493e-06
-4.116083541926034628e-07
-9.947408574461987668e-06
3.382869071747949532e-04
1.231166780933331574e-06
-1.815964132258639956e-05
3.665134065143257067e-05
1.168357434914741450e-06
3.419498791510152270e-07
5.144829672349579645e-05
2.190092885880117130e-07
1.787990764552500563e-07
-1.225404680777713830e-05
2.859740513516602660e-06
-3.204375905017269651e-07
1.225377470485698646e-05
1.040489678997332662e-08
1.214805050776468433e-06
1.697223759447610250e-06
3.987340768438445008e-06
1.486744823162478198e-05
-8.630455413952890613e-09
-6.992870662936858338e-06
6.547014187564958337e-08
-5.174911624225999424e-06
-3.179496550411456618e-07
-6.719293379487398851e-08
3.576513438549876233e-08
-3.388406866102199348e-08
-1.153051350205812852e-07
-1.095500037126399297e-07
-8.155726564201929178e-08
3.307735015967056848e-07
1.500121589479752376e-07
1.699185279181691358e-07
-2.536920323979247526e-08
-1.672940282053106333e-07
-5.659778406449819622e-09
3.326559128761602492e-07
9.105095615960023066e-07
4.380460147092191266e-08
5.936606114969214900e-08
9.838425583167024579e-08
1.291517640952635803e-07
3.526189037599870586e-07
2.679103344023482886e-07
2.200683120512040441e-07
1.192067125891946929e-07
1.186531582753305356e-07
9.169891183447343472e-08
-2.193166114409212763e-06
-1.212538052730233250e-07
1.278968492476436134e-05
-1.676735398295958659e-06
8.688619306867218233e-06
-9.019978308459554884e-07
-7.764305517761035317e-07
-1.546221131695855577e-07
-2.666569355252862970e-07
-1.520097554293811464e-06
2.677839381090819329e-05
8.776904630435514534e-06
2.564862106105482041e-06
-9.023032225970547453e-07
-2.270692134401377333e-07
3.661307241333900710e-06
1.657212247625883370e-05
-1.081046467289749054e-05
-6.242684874152262158e-06
2.014623312454864336e-05
-7.586918630841390197e-07
-4.697811213460296401e-07
-1.245218105347983459e-06
-1.040587113565268778e-05
-6.725492177152075576e-07
-4.019330369982161114e-06
1.084131878202489305e-05
-2.950814993563864166e-07
3.997068662021349738e-07
-1.756847006055120482e-05
8.370376085059444199e-04
1.052099447115259690e-05
-6.754560624096974243e-06
1.306251095693278171e-05
6.814758575509163082e-07
6.863636449221848304e-07
1.201735380751656090e-13
9.407496459987947147e-07
-8.035609737592515475e-07
-6.559100682875444288e-06
7.672866268725728385e-06
-1.463175082278410258e-07
1.634719038112612119e-05
-1.589311137020581449e-07
2.634515435990074914e-07
9.409231065647875153e-07
3.859588351386271648e-06
9.519039444287369671e-06
-1.797672157961014219e-07
6.765456195098960005e-06
1.776236444401382332e-07
-7.888724445222269080e-06
1.501858026771416585e-07
-5.091796684540152423e-08
5.746538211075569494e-07
-1.152729390499433585e-07
1.372203989605792177e-08
-7.769115813160141267e-08
3.027595764975503194e-08
9.972223325601188213e-07
9.741927508561708314e-08
1.353946500103146147e-07
1.939836420834784025e-10
-1.376363980162268916e-07
1.180915767973921143e-06
3.650585707188594604e-07
1.107610500435986245e-06
5.359699356609774258e-08
5.862637831214215591e-08
-1.774359478366494295e-08
3.145996968410368874e-07
5.514524673841016817e-07
6.905736242197269502e-07
3.094842074093381515e-07
2.083355295083305235e-07
1.016722205645023973e-07
3.355037909268454642e-08
-3.216217266781027447e-06
-4.513262035464807721e-07
1.403005717369368961e-05
-7.644424854513762516e-06
-2.317329885385959750e-05
-8.633681563019858854e-06
-2.922370072615540569e-06
-6.784231511625972433e-07
-1.151980331546629383e-06
-1.436076607682589522e-05
-1.913531156655373108e-05
-3.645655852704062123e-05
-8.065764258438434071e-06
-3.579575751833274824e-06
-1.875775588368185597e-06
-3.950642902092186735e-06
-3.907558939703623720e-05
-4.365381605956506698e-05
-4.144651273740728337e-05
-1.950811011528317412e-05
-5.659393712026191564e-06
3.884850214331425243e-07
-3.934178293059393411e-06
-6.063510557357084567e-05
-6.090193850781319023e-05
-4.723160134558092435e-05
-3.229781810105812221e-05
-7.640832607238581212e-06
4.395836906637339095e-06
1.886306560783871354e-05
-7.526088791677349116e-04
6.269601534217487493e-06
-5.316482658415455165e-05
-2.426981864868967795e-05
-1.051265218233892639e-05
6.068550688197875859e-06
8.631095883948832393e-14
-5.610653813063634599e-06
-2.376100303924107799e-06
3.054830514139264227e-05
-7.975646099198729986e-06
-1.069481918490584562e-05
-2.367056698394463929e-05
-4.202424117297608327e-07
-3.363436439083510249e-08
8.665239201190280726e-07
4.059903131625579049e-06
-6.017684186904316112e-06
-1.482499773245652807e-06
1.019967359139637708e-05
5.178905051278760539e-07
1.342283094862685994e-05
2.007193636485050264e-07
9.746756998550579545e-08
-1.364297822645630265e-06
-2.404603501607668762e-07
-9.217017648274182528e-08
-3.199057538663776016e-07
-5.112869955991428518e-07
6.989523818326744185e-07
3.559580023475566475e-07
1.987061443303705357e-07
7.477173044257074720e-08
-5.317118400869082196e-07
1.316492098820623246e-06
1.436762325504458915e-06
2.052417132615686997e-06
4.266939351649751231e-07
2.617375653882995646e-07
3.823007013704647129e-08
1.223318153367801924e-06
2.723072952162026768e-06
3.504540309989371827e-06
1.314169109513842074e-06
3.157380198092359623e-07
1.107730218365044655e-07
1.304994926635343972e-07
-3.207056984429820930e-06
-5.383585776246450666e-07
1.249386647241097558e-05
-9.668426207070771646e-06
-5.286999681163739471e-05
-1.179385892607798139e-05
-3.710786843349973612e-06
-8.043997554764030283e-07
-1.469495451490810474e-06
-2.058989925087794672e-05
-4.757131632330458177e-05
-6.050241602906158088e-05
-1.484762058750421857e-05
-4.225717166803984886e-06
-2.660783172438594877e-06
-1.845374812634755150e-05
-7.062680888602467378e-05
-5.051230322445358938e-05
-5.650289211726093272e-05
-4.201047924064769436e-05
-7.559367848418839411e-06
1.427621820290037269e-06
-4.517214011129046984e-06
-8.111037656652293282e-05
-9.499682186198100085e-05
-6.803444353763536386e-05
-5.713863224003652285e-05
-1.155171582283524297e-05
6.135932866591701205e-06
6.321147862576729007e-05
-3.066560450691252406e-03
-4.368537452864293456e-06
-8.075484548915566336e-05
-4.474004198119113548e-05
-1.673280710454033465e-05
8.048726349908779412e-06
7.163385584324536742e-14
-7.550089988520291293e-06
-2.806191546646524956e-06
-4.060353747110219473e-06
-1.152243115757882615e-05
-1.648133462796444061e-05
-2.488547993772933557e-05
-4.082083768710459729e-07
-9.526306676665145150e-08
7.149190182561934628e-07
3.702608559681562679e-06
-1.874811735846501832e-05
-1.965255819888177133e-06
1.023616184585266647e-05
5.951563770656089256e-07
1.427588378462834558e-05
2.149941845892898527e-07
4.636158751418350155e-07
4.574353882575912930e-07
-3.287241824778000337e-07
-1.471640091300248907e-07
-3.363844114789464802e-07
-6.458174249682267602e-07
4.336385207927689878e-07
6.058250780628209449e-07
2.755121670434578022e-07
1.680320204132093782e-07
-5.623260090301784159e-07
1.570454487667112358e-06
1.756850972755849524e-06
2.182482491032543829e-06
5.948540316593819240e-07
2.536232188036603513e-07
1.085993339870798086e-07
1.599246420517683787e-06
3.397029191455203079e-06
4.154664354461758614e-06
1.587445116877228833e-06
3.514584077423434241e-07
2.283118253644579620e-07
7.277459110509244995e-08
