0.161931
0.111635
0.079638
0.055938
0.038183
0.027117
0.027786
0.041668
0.064681
0.105897
0.189052
0.344580
4.911163
0.268295
0.118919
0.066976
0.041058
0.026026
0.021242
0.035097
0.058117
0.183481
0.385530
0.138800
0.097372
0.065827
0.041526
0.024674
-0.013348
-0.002121
-0.011269
0.022981
0.047382
0.047221
0.015118
0.003273
0.002388
0.001628
0.001033
0.001982
0.001702
0.001089
0.000951
0.000207
0.004078
0.009761
0.017416
0.019246
-0.013706
-0.003779
-0.004191
-0.007640
-0.025613
-0.018797
-0.009279
-0.003836
-0.002539
-0.002952
-0.001512
0.001730
0.001422
0.000945
0.001840
-0.002200
-0.002884
-0.002840
-0.002315
-0.001524
-0.003237
-0.007584
-0.015296
-0.026948
-0.041878
-0.053492
-0.118659
-0.076507
-0.044436
-0.026559
-0.016364
-0.010515
-0.007284
-0.005618
-0.004755
-0.004273
-0.003925
-0.003633
-0.004378
-0.004953
-0.005704
-0.006747
-0.008330
-0.010855
-0.014984
-0.021824
-0.033635
-0.056332
-0.112949
-0.512047
0.001573
0.000874
0.002707
0.001975
0.008614
0.024031
0.089397
0.212217
0.739202
0.763986
0.001459
0.000242
0.001126
0.002141
0.006379
0.013631
0.018401
0.030626
0.068174
0.135006
0.233733
0.243650
0.145453
