# X Y Z i
284214.50 5036142.40 -30.00 0.002299
284234.50 5036142.40 -30.00 0.002655
284254.50 5036142.40 -30.00 0.002799
284274.50 5036142.40 -30.00 0.001177
284294.50 5036142.40 -30.00 0.001095
284314.50 5036142.40 -30.00 0.002718
284334.50 5036142.40 -30.00 0.001296
284214.50 5036162.40 -30.00 0.001437
284234.50 5036162.40 -30.00 0.000393
284254.50 5036162.40 -30.00 0.002258
284274.50 5036162.40 -30.00 0.003128
284294.50 5036162.40 -30.00 0.003103
284314.50 5036162.40 -30.00 0.001721
284334.50 5036162.40 -30.00 0.002528
284214.50 5036182.40 -30.00 0.001874
284234.50 5036182.40 -30.00 0.000419
284254.50 5036182.40 -30.00 0.000417
284274.50 5036182.40 -30.00 0.002189
284294.50 5036182.40 -30.00 0.002803
284314.50 5036182.40 -30.00 0.003098
284334.50 5036182.40 -30.00 0.001761
284214.50 5036202.40 -30.00 0.001881
284234.50 5036202.40 -30.00 0.002333
284254.50 5036202.40 -30.00 0.001384
284274.50 5036202.40 -30.00 0.002310
284294.50 5036202.40 -30.00 0.001996
284314.50 5036202.40 -30.00 0.001090
284334.50 5036202.40 -30.00 0.002481
284214.50 5036222.40 -30.00 0.001239
284234.50 5036222.40 -30.00 0.000856
284254.50 5036222.40 -30.00 0.002597
284274.50 5036222.40 -30.00 0.001735
284294.50 5036222.40 -30.00 0.000753
284314.50 5036222.40 -30.00 0.001448
284334.50 5036222.40 -30.00 0.002905
284214.50 5036242.40 -30.00 0.002600
284234.50 5036242.40 -30.00 0.000000
284254.50 5036242.40 -30.00 0.001307
284274.50 5036242.40 -30.00 0.002221
284294.50 5036242.40 -30.00 0.001211
284314.50 5036242.40 -30.00 0.003094
284334.50 5036242.40 -30.00 0.002070
284214.50 5036262.40 -30.00 0.000248
284234.50 5036262.40 -30.00 0.001831
284254.50 5036262.40 -30.00 0.000276
284274.50 5036262.40 -30.00 0.002629
284294.50 5036262.40 -30.00 0.001663
284314.50 5036262.40 -30.00 0.001942
284334.50 5036262.40 -30.00 0.002820
284214.50 5036282.40 -30.00 0.000733
284234.50 5036282.40 -30.00 0.001062
284254.50 5036282.40 -30.00 0.000844
284274.50 5036282.40 -30.00 0.000864
284294.50 5036282.40 -30.00 0.001721
284314.50 5036282.40 -30.00 0.000694
284334.50 5036282.40 -30.00 0.000285
284214.50 5036302.40 -30.00 0.001168
284234.50 5036302.40 -30.00 0.000256
284254.50 5036302.40 -30.00 0.000536
284274.50 5036302.40 -30.00 0.001729
284294.50 5036302.40 -30.00 0.000247
284314.50 5036302.40 -30.00 0.002245
284334.50 5036302.40 -30.00 0.000278
284214.50 5036322.40 -30.00 0.001188
284234.50 5036322.40 -30.00 0.001108
284254.50 5036322.40 -30.00 0.000454
284274.50 5036322.40 -30.00 0.001966
284294.50 5036322.40 -30.00 0.001751
284314.50 5036322.40 -30.00 0.000808
284334.50 5036322.40 -30.00 0.000285
284214.50 5036342.40 -30.00 0.000494
284234.50 5036342.40 -30.00 0.000339
284254.50 5036342.40 -30.00 0.000234
284274.50 5036342.40 -30.00 0.001468
284294.50 5036342.40 -30.00 0.000210
284314.50 5036342.40 -30.00 0.000227
284334.50 5036342.40 -30.00 0.000808
284214.50 5036142.40 -26.00 0.001127
284234.50 5036142.40 -26.00 0.003046
284254.50 5036142.40 -26.00 0.003186
284274.50 5036142.40 -26.00 0.001954
284294.50 5036142.40 -26.00 0.001622
284314.50 5036142.40 -26.00 0.002905
284334.50 5036142.40 -26.00 0.000661
284214.50 5036162.40 -26.00 0.002324
284234.50 5036162.40 -26.00 0.002812
284254.50 5036162.40 -26.00 0.000222
284274.50 5036162.40 -26.00 0.001474
284294.50 5036162.40 -26.00 0.001789
284314.50 5036162.40 -26.00 0.003137
284334.50 5036162.40 -26.00 0.002609
284214.50 5036182.40 -26.00 0.002389
284234.50 5036182.40 -26.00 0.000487
284254.50 5036182.40 -26.00 0.001307
284274.50 5036182.40 -26.00 0.000532
284294.50 5036182.40 -26.00 0.003288
284314.50 5036182.40 -26.00 0.002930
284334.50 5036182.40 -26.00 0.002755
284214.50 5036202.40 -26.00 0.001960
284234.50 5036202.40 -26.00 0.002115
284254.50 5036202.40 -26.00 0.002396
284274.50 5036202.40 -26.00 0.003313
284294.50 5036202.40 -26.00 0.000823
284314.50 5036202.40 -26.00 0.000531
284334.50 5036202.40 -26.00 0.002610
284214.50 5036222.40 -26.00 0.000000
284234.50 5036222.40 -26.00 0.003188
284254.50 5036222.40 -26.00 0.000774
284274.50 5036222.40 -26.00 0.001485
284294.50 5036222.40 -26.00 0.003821
284314.50 5036222.40 -26.00 0.002513
284334.50 5036222.40 -26.00 0.000759
284214.50 5036242.40 -26.00 0.001921
284234.50 5036242.40 -26.00 0.000015
284254.50 5036242.40 -26.00 0.002565
284274.50 5036242.40 -26.00 0.001231
284294.50 5036242.40 -26.00 0.001606
284314.50 5036242.40 -26.00 0.000937
284334.50 5036242.40 -26.00 0.000229
284214.50 5036262.40 -26.00 0.001747
284234.50 5036262.40 -26.00 0.000520
284254.50 5036262.40 -26.00 0.002686
284274.50 5036262.40 -26.00 0.002013
284294.50 5036262.40 -26.00 0.000285
284314.50 5036262.40 -26.00 0.000003
284334.50 5036262.40 -26.00 0.002055
284214.50 5036282.40 -26.00 0.001240
284234.50 5036282.40 -26.00 0.001306
284254.50 5036282.40 -26.00 0.000603
284274.50 5036282.40 -26.00 0.000729
284294.50 5036282.40 -26.00 0.001660
284314.50 5036282.40 -26.00 0.000382
284334.50 5036282.40 -26.00 0.002550
284214.50 5036302.40 -26.00 0.001210
284234.50 5036302.40 -26.00 0.000819
284254.50 5036302.40 -26.00 0.001769
284274.50 5036302.40 -26.00 0.000261
284294.50 5036302.40 -26.00 0.000831
284314.50 5036302.40 -26.00 0.001191
284334.50 5036302.40 -26.00 0.002436
284214.50 5036322.40 -26.00 0.000550
284234.50 5036322.40 -26.00 0.000651
284254.50 5036322.40 -26.00 0.001220
284274.50 5036322.40 -26.00 0.000754
284294.50 5036322.40 -26.00 0.001997
284314.50 5036322.40 -26.00 0.000836
284334.50 5036322.40 -26.00 0.001172
284214.50 5036342.40 -26.00 0.000610
284234.50 5036342.40 -26.00 0.000557
284254.50 5036342.40 -26.00 0.001443
284274.50 5036342.40 -26.00 0.001675
284294.50 5036342.40 -26.00 0.000288
284314.50 5036342.40 -26.00 0.001743
284334.50 5036342.40 -26.00 0.000723
284214.50 5036142.40 -22.00 0.000470
284234.50 5036142.40 -22.00 0.000400
284254.50 5036142.40 -22.00 0.000462
284274.50 5036142.40 -22.00 0.002836
284294.50 5036142.40 -22.00 0.001198
284314.50 5036142.40 -22.00 0.001985
284334.50 5036142.40 -22.00 0.000293
284214.50 5036162.40 -22.00 0.001916
284234.50 5036162.40 -22.00 0.002686
284254.50 5036162.40 -22.00 0.003124
284274.50 5036162.40 -22.00 0.000927
284294.50 5036162.40 -22.00 0.001835
284314.50 5036162.40 -22.00 0.001213
284334.50 5036162.40 -22.00 0.000643
284214.50 5036182.40 -22.00 0.002576
284234.50 5036182.40 -22.00 0.002859
284254.50 5036182.40 -22.00 0.000586
284274.50 5036182.40 -22.00 0.002906
284294.50 5036182.40 -22.00 0.000489
284314.50 5036182.40 -22.00 0.000653
284334.50 5036182.40 -22.00 0.002852
284214.50 5036202.40 -22.00 0.001638
284234.50 5036202.40 -22.00 0.000357
284254.50 5036202.40 -22.00 0.003928
284274.50 5036202.40 -22.00 0.004101
284294.50 5036202.40 -22.00 0.001478
284314.50 5036202.40 -22.00 0.001184
284334.50 5036202.40 -22.00 0.001229
284214.50 5036222.40 -22.00 0.002076
284234.50 5036222.40 -22.00 0.001025
284254.50 5036222.40 -22.00 0.002431
284274.50 5036222.40 -22.00 0.002092
284294.50 5036222.40 -22.00 0.000275
284314.50 5036222.40 -22.00 0.001891
284334.50 5036222.40 -22.00 0.000850
284214.50 5036242.40 -22.00 0.002184
284234.50 5036242.40 -22.00 0.005894
284254.50 5036242.40 -22.00 0.000993
284274.50 5036242.40 -22.00 0.002652
284294.50 5036242.40 -22.00 0.002407
284314.50 5036242.40 -22.00 0.000547
284334.50 5036242.40 -22.00 0.002671
284214.50 5036262.40 -22.00 0.001152
284234.50 5036262.40 -22.00 0.001774
284254.50 5036262.40 -22.00 0.001017
284274.50 5036262.40 -22.00 0.001724
284294.50 5036262.40 -22.00 0.003726
284314.50 5036262.40 -22.00 0.000007
284334.50 5036262.40 -22.00 0.000284
284214.50 5036282.40 -22.00 0.001857
284234.50 5036282.40 -22.00 0.001181
284254.50 5036282.40 -22.00 0.001254
284274.50 5036282.40 -22.00 0.001118
284294.50 5036282.40 -22.00 0.001192
284314.50 5036282.40 -22.00 0.001936
284334.50 5036282.40 -22.00 0.000804
284214.50 5036302.40 -22.00 0.000246
284234.50 5036302.40 -22.00 0.000299
284254.50 5036302.40 -22.00 0.001968
284274.50 5036302.40 -22.00 0.001254
284294.50 5036302.40 -22.00 0.001594
284314.50 5036302.40 -22.00 0.000583
284334.50 5036302.40 -22.00 0.002151
284214.50 5036322.40 -22.00 0.000665
284234.50 5036322.40 -22.00 0.000780
284254.50 5036322.40 -22.00 0.000284
284274.50 5036322.40 -22.00 0.000955
284294.50 5036322.40 -22.00 0.001763
284314.50 5036322.40 -22.00 0.001558
284334.50 5036322.40 -22.00 0.001135
284214.50 5036342.40 -22.00 0.001328
284234.50 5036342.40 -22.00 0.000160
284254.50 5036342.40 -22.00 0.000281
284274.50 5036342.40 -22.00 0.001792
284294.50 5036342.40 -22.00 0.001251
284314.50 5036342.40 -22.00 0.000435
284334.50 5036342.40 -22.00 0.000688
284214.50 5036142.40 -18.00 0.000895
284234.50 5036142.40 -18.00 0.001236
284254.50 5036142.40 -18.00 0.002088
284274.50 5036142.40 -18.00 0.000571
284294.50 5036142.40 -18.00 0.002859
284314.50 5036142.40 -18.00 0.002396
284334.50 5036142.40 -18.00 0.001016
284214.50 5036162.40 -18.00 0.000993
284234.50 5036162.40 -18.00 0.002698
284254.50 5036162.40 -18.00 0.001506
284274.50 5036162.40 -18.00 0.000425
284294.50 5036162.40 -18.00 0.001026
284314.50 5036162.40 -18.00 0.002840
284334.50 5036162.40 -18.00 0.001756
284214.50 5036182.40 -18.00 0.002870
284234.50 5036182.40 -18.00 0.002770
284254.50 5036182.40 -18.00 0.001078
284274.50 5036182.40 -18.00 0.003515
284294.50 5036182.40 -18.00 0.001714
284314.50 5036182.40 -18.00 0.003022
284334.50 5036182.40 -18.00 0.000000
284214.50 5036202.40 -18.00 0.000645
284234.50 5036202.40 -18.00 0.001950
284254.50 5036202.40 -18.00 0.001408
284274.50 5036202.40 -18.00 0.004300
284294.50 5036202.40 -18.00 0.001742
284314.50 5036202.40 -18.00 0.000279
284334.50 5036202.40 -18.00 0.002478
284214.50 5036222.40 -18.00 0.000579
284234.50 5036222.40 -18.00 0.001184
284254.50 5036222.40 -18.00 0.004723
284274.50 5036222.40 -18.00 0.002739
284294.50 5036222.40 -18.00 0.002683
284314.50 5036222.40 -18.00 0.000637
284334.50 5036222.40 -18.00 0.002362
284214.50 5036242.40 -18.00 0.000186
284234.50 5036242.40 -18.00 0.000000
284254.50 5036242.40 -18.00 0.000434
284274.50 5036242.40 -18.00 0.000390
284294.50 5036242.40 -18.00 0.003304
284314.50 5036242.40 -18.00 0.003538
284334.50 5036242.40 -18.00 0.000424
284214.50 5036262.40 -18.00 0.000250
284234.50 5036262.40 -18.00 0.001906
284254.50 5036262.40 -18.00 0.001603
284274.50 5036262.40 -18.00 0.002764
284294.50 5036262.40 -18.00 0.002299
284314.50 5036262.40 -18.00 0.001968
284334.50 5036262.40 -18.00 0.000937
284214.50 5036282.40 -18.00 0.000638
284234.50 5036282.40 -18.00 0.000413
284254.50 5036282.40 -18.00 0.001174
284274.50 5036282.40 -18.00 0.001844
284294.50 5036282.40 -18.00 0.001232
284314.50 5036282.40 -18.00 0.002403
284334.50 5036282.40 -18.00 0.000853
284214.50 5036302.40 -18.00 0.001918
284234.50 5036302.40 -18.00 0.001043
284254.50 5036302.40 -18.00 0.001838
284274.50 5036302.40 -18.00 0.000194
284294.50 5036302.40 -18.00 0.001947
284314.50 5036302.40 -18.00 0.001970
284334.50 5036302.40 -18.00 0.001073
284214.50 5036322.40 -18.00 0.001845
284234.50 5036322.40 -18.00 0.000625
284254.50 5036322.40 -18.00 0.000335
284274.50 5036322.40 -18.00 0.000426
284294.50 5036322.40 -18.00 0.002313
284314.50 5036322.40 -18.00 0.001319
284334.50 5036322.40 -18.00 0.000698
284214.50 5036342.40 -18.00 0.000190
284234.50 5036342.40 -18.00 0.000330
284254.50 5036342.40 -18.00 0.001074
284274.50 5036342.40 -18.00 0.001044
284294.50 5036342.40 -18.00 0.001446
284314.50 5036342.40 -18.00 0.000398
284334.50 5036342.40 -18.00 0.000222
284214.50 5036142.40 -14.00 0.002751
284234.50 5036142.40 -14.00 0.000641
284254.50 5036142.40 -14.00 0.002333
284274.50 5036142.40 -14.00 0.003387
284294.50 5036142.40 -14.00 0.001933
284314.50 5036142.40 -14.00 0.002782
284334.50 5036142.40 -14.00 0.001110
284214.50 5036162.40 -14.00 0.001490
284234.50 5036162.40 -14.00 0.000593
284254.50 5036162.40 -14.00 0.003009
284274.50 5036162.40 -14.00 0.002561
284294.50 5036162.40 -14.00 0.001405
284314.50 5036162.40 -14.00 0.002053
284334.50 5036162.40 -14.00 0.000458
284214.50 5036182.40 -14.00 0.000291
284234.50 5036182.40 -14.00 0.002945
284254.50 5036182.40 -14.00 0.002435
284274.50 5036182.40 -14.00 0.002322
284294.50 5036182.40 -14.00 0.002741
284314.50 5036182.40 -14.00 0.000780
284334.50 5036182.40 -14.00 0.000950
284214.50 5036202.40 -14.00 0.002805
284234.50 5036202.40 -14.00 0.003352
284254.50 5036202.40 -14.00 0.000622
284274.50 5036202.40 -14.00 0.005040
284294.50 5036202.40 -14.00 0.004156
284314.50 5036202.40 -14.00 0.001119
284334.50 5036202.40 -14.00 0.000593
284214.50 5036222.40 -14.00 0.000277
284234.50 5036222.40 -14.00 0.003429
284254.50 5036222.40 -14.00 0.005222
284274.50 5036222.40 -14.00 0.000000
284294.50 5036222.40 -14.00 0.001006
284314.50 5036222.40 -14.00 0.002873
284334.50 5036222.40 -14.00 0.002103
284214.50 5036242.40 -14.00 0.000698
284234.50 5036242.40 -14.00 0.000000
284254.50 5036242.40 -14.00 0.001511
284274.50 5036242.40 -14.00 0.001380
284294.50 5036242.40 -14.00 0.003553
284314.50 5036242.40 -14.00 0.002702
284334.50 5036242.40 -14.00 0.002549
284214.50 5036262.40 -14.00 0.000199
284234.50 5036262.40 -14.00 0.000791
284254.50 5036262.40 -14.00 0.001725
284274.50 5036262.40 -14.00 0.002058
284294.50 5036262.40 -14.00 0.001273
284314.50 5036262.40 -14.00 0.002344
284334.50 5036262.40 -14.00 0.001074
284214.50 5036282.40 -14.00 0.001070
284234.50 5036282.40 -14.00 0.002068
284254.50 5036282.40 -14.00 0.001515
284274.50 5036282.40 -14.00 0.001360
284294.50 5036282.40 -14.00 0.000658
284314.50 5036282.40 -14.00 0.000880
284334.50 5036282.40 -14.00 0.000935
284214.50 5036302.40 -14.00 0.001312
284234.50 5036302.40 -14.00 0.001688
284254.50 5036302.40 -14.00 0.002215
284274.50 5036302.40 -14.00 0.001518
284294.50 5036302.40 -14.00 0.002136
284314.50 5036302.40 -14.00 0.001214
284334.50 5036302.40 -14.00 0.000487
284214.50 5036322.40 -14.00 0.000662
284234.50 5036322.40 -14.00 0.001158
284254.50 5036322.40 -14.00 0.001018
284274.50 5036322.40 -14.00 0.000797
284294.50 5036322.40 -14.00 0.000220
284314.50 5036322.40 -14.00 0.000772
284334.50 5036322.40 -14.00 0.001541
284214.50 5036342.40 -14.00 0.001311
284234.50 5036342.40 -14.00 0.000138
284254.50 5036342.40 -14.00 0.000704
284274.50 5036342.40 -14.00 0.000818
284294.50 5036342.40 -14.00 0.000612
284314.50 5036342.40 -14.00 0.000262
284334.50 5036342.40 -14.00 0.001924
284214.50 5036142.40 -10.00 0.000275
284234.50 5036142.40 -10.00 0.002480
284254.50 5036142.40 -10.00 0.000308
284274.50 5036142.40 -10.00 0.002785
284294.50 5036142.40 -10.00 0.001253
284314.50 5036142.40 -10.00 0.001240
284334.50 5036142.40 -10.00 0.002416
284214.50 5036162.40 -10.00 0.002244
284234.50 5036162.40 -10.00 0.002509
284254.50 5036162.40 -10.00 0.000577
284274.50 5036162.40 -10.00 0.003737
284294.50 5036162.40 -10.00 0.003266
284314.50 5036162.40 -10.00 0.000562
284334.50 5036162.40 -10.00 0.000547
284214.50 5036182.40 -10.00 0.001781
284234.50 5036182.40 -10.00 0.001489
284254.50 5036182.40 -10.00 0.000440
284274.50 5036182.40 -10.00 0.003787
284294.50 5036182.40 -10.00 0.003870
284314.50 5036182.40 -10.00 0.003260
284334.50 5036182.40 -10.00 0.001596
284214.50 5036202.40 -10.00 0.002599
284234.50 5036202.40 -10.00 0.000667
284254.50 5036202.40 -10.00 0.003596
284274.50 5036202.40 -10.00 0.000488
284294.50 5036202.40 -10.00 0.002105
284314.50 5036202.40 -10.00 0.003173
284334.50 5036202.40 -10.00 0.001808
284214.50 5036222.40 -10.00 0.000068
284234.50 5036222.40 -10.00 0.002239
284254.50 5036222.40 -10.00 0.006426
284274.50 5036222.40 -10.00 0.001021
284294.50 5036222.40 -10.00 0.004534
284314.50 5036222.40 -10.00 0.004748
284334.50 5036222.40 -10.00 0.000580
284214.50 5036242.40 -10.00 0.000070
284234.50 5036242.40 -10.00 0.000000
284254.50 5036242.40 -10.00 0.001488
284274.50 5036242.40 -10.00 0.000818
284294.50 5036242.40 -10.00 0.003492
284314.50 5036242.40 -10.00 0.000748
284334.50 5036242.40 -10.00 0.000725
284214.50 5036262.40 -10.00 0.000672
284234.50 5036262.40 -10.00 0.001589
284254.50 5036262.40 -10.00 0.000985
284274.50 5036262.40 -10.00 0.001355
284294.50 5036262.40 -10.00 0.000725
284314.50 5036262.40 -10.00 0.000394
284334.50 5036262.40 -10.00 0.001076
284214.50 5036282.40 -10.00 0.001128
284234.50 5036282.40 -10.00 0.001916
284254.50 5036282.40 -10.00 0.002196
284274.50 5036282.40 -10.00 0.001580
284294.50 5036282.40 -10.00 0.001384
284314.50 5036282.40 -10.00 0.001763
284334.50 5036282.40 -10.00 0.001336
284214.50 5036302.40 -10.00 0.000252
284234.50 5036302.40 -10.00 0.000415
284254.50 5036302.40 -10.00 0.000421
284274.50 5036302.40 -10.00 0.000207
284294.50 5036302.40 -10.00 0.000227
284314.50 5036302.40 -10.00 0.000583
284334.50 5036302.40 -10.00 0.002171
284214.50 5036322.40 -10.00 0.002451
284234.50 5036322.40 -10.00 0.001386
284254.50 5036322.40 -10.00 0.000522
284274.50 5036322.40 -10.00 0.000327
284294.50 5036322.40 -10.00 0.000414
284314.50 5036322.40 -10.00 0.001125
284334.50 5036322.40 -10.00 0.000556
284214.50 5036342.40 -10.00 0.000353
284234.50 5036342.40 -10.00 0.000622
284254.50 5036342.40 -10.00 0.000993
284274.50 5036342.40 -10.00 0.000239
284294.50 5036342.40 -10.00 0.001810
284314.50 5036342.40 -10.00 0.001549
284334.50 5036342.40 -10.00 0.000320
284214.50 5036142.40 -6.00 0.002681
284234.50 5036142.40 -6.00 0.003357
284254.50 5036142.40 -6.00 0.001520
284274.50 5036142.40 -6.00 0.002711
284294.50 5036142.40 -6.00 0.002289
284314.50 5036142.40 -6.00 0.002479
284334.50 5036142.40 -6.00 0.001704
284214.50 5036162.40 -6.00 0.002412
284234.50 5036162.40 -6.00 0.002589
284254.50 5036162.40 -6.00 0.002633
284274.50 5036162.40 -6.00 0.003590
284294.50 5036162.40 -6.00 0.003167
284314.50 5036162.40 -6.00 0.003419
284334.50 5036162.40 -6.00 0.002890
284214.50 5036182.40 -6.00 0.000924
284234.50 5036182.40 -6.00 0.000432
284254.50 5036182.40 -6.00 0.001481
284274.50 5036182.40 -6.00 0.001651
284294.50 5036182.40 -6.00 0.003497
284314.50 5036182.40 -6.00 0.002256
284334.50 5036182.40 -6.00 0.000357
284214.50 5036202.40 -6.00 0.002380
284234.50 5036202.40 -6.00 0.002899
284254.50 5036202.40 -6.00 0.003184
284274.50 5036202.40 -6.00 0.002564
284294.50 5036202.40 -6.00 0.003946
284314.50 5036202.40 -6.00 0.000488
284334.50 5036202.40 -6.00 0.000828
284214.50 5036222.40 -6.00 0.001279
284234.50 5036222.40 -6.00 0.002110
284254.50 5036222.40 -6.00 0.017935
284274.50 5036222.40 -6.00 0.001139
284294.50 5036222.40 -6.00 0.002062
284314.50 5036222.40 -6.00 0.000312
284334.50 5036222.40 -6.00 0.004058
284214.50 5036242.40 -6.00 0.001353
284234.50 5036242.40 -6.00 0.000000
284254.50 5036242.40 -6.00 0.002764
284274.50 5036242.40 -6.00 0.003449
284294.50 5036242.40 -6.00 0.000538
284314.50 5036242.40 -6.00 0.004124
284334.50 5036242.40 -6.00 0.002145
284214.50 5036262.40 -6.00 0.000275
284234.50 5036262.40 -6.00 0.001358
284254.50 5036262.40 -6.00 0.002741
284274.50 5036262.40 -6.00 0.000393
284294.50 5036262.40 -6.00 0.001694
284314.50 5036262.40 -6.00 0.002915
284334.50 5036262.40 -6.00 0.000743
284214.50 5036282.40 -6.00 0.001563
284234.50 5036282.40 -6.00 0.001420
284254.50 5036282.40 -6.00 0.001280
284274.50 5036282.40 -6.00 0.002236
284294.50 5036282.40 -6.00 0.001055
284314.50 5036282.40 -6.00 0.002394
284334.50 5036282.40 -6.00 0.000672
284214.50 5036302.40 -6.00 0.001168
284234.50 5036302.40 -6.00 0.001410
284254.50 5036302.40 -6.00 0.000585
284274.50 5036302.40 -6.00 0.000523
284294.50 5036302.40 -6.00 0.001285
284314.50 5036302.40 -6.00 0.000423
284334.50 5036302.40 -6.00 0.002939
284214.50 5036322.40 -6.00 0.000198
284234.50 5036322.40 -6.00 0.001431
284254.50 5036322.40 -6.00 0.000241
284274.50 5036322.40 -6.00 0.001157
284294.50 5036322.40 -6.00 0.001184
284314.50 5036322.40 -6.00 0.002403
284334.50 5036322.40 -6.00 0.001112
284214.50 5036342.40 -6.00 0.000202
284234.50 5036342.40 -6.00 0.000176
284254.50 5036342.40 -6.00 0.000942
284274.50 5036342.40 -6.00 0.000302
284294.50 5036342.40 -6.00 0.000586
284314.50 5036342.40 -6.00 0.000521
284334.50 5036342.40 -6.00 0.000431
284214.50 5036142.40 -2.00 0.001067
284234.50 5036142.40 -2.00 0.002810
284254.50 5036142.40 -2.00 0.002520
284274.50 5036142.40 -2.00 0.001663
284294.50 5036142.40 -2.00 0.001710
284314.50 5036142.40 -2.00 0.001055
284334.50 5036142.40 -2.00 0.000366
284214.50 5036162.40 -2.00 0.000558
284234.50 5036162.40 -2.00 0.001381
284254.50 5036162.40 -2.00 0.001209
284274.50 5036162.40 -2.00 0.004822
284294.50 5036162.40 -2.00 0.000997
284314.50 5036162.40 -2.00 0.000935
284334.50 5036162.40 -2.00 0.000000
284214.50 5036182.40 -2.00 0.002925
284234.50 5036182.40 -2.00 0.001995
284254.50 5036182.40 -2.00 0.003596
284274.50 5036182.40 -2.00 0.000590
284294.50 5036182.40 -2.00 0.001094
284314.50 5036182.40 -2.00 0.001977
284334.50 5036182.40 -2.00 0.002735
284214.50 5036202.40 -2.00 0.000664
284234.50 5036202.40 -2.00 0.003220
284254.50 5036202.40 -2.00 0.003017
284274.50 5036202.40 -2.00 0.002152
284294.50 5036202.40 -2.00 0.006135
284314.50 5036202.40 -2.00 0.004140
284334.50 5036202.40 -2.00 0.000628
284214.50 5036222.40 -2.00 0.000129
284234.50 5036222.40 -2.00 0.000698
284254.50 5036222.40 -2.00 0.037573
284274.50 5036222.40 -2.00 0.000141
284294.50 5036222.40 -2.00 0.000000
284314.50 5036222.40 -2.00 0.000000
284334.50 5036222.40 -2.00 0.000254
284214.50 5036242.40 -2.00 0.000312
284234.50 5036242.40 -2.00 0.000000
284254.50 5036242.40 -2.00 0.001547
284274.50 5036242.40 -2.00 0.003552
284294.50 5036242.40 -2.00 0.002096
284314.50 5036242.40 -2.00 0.000906
284334.50 5036242.40 -2.00 0.003007
284214.50 5036262.40 -2.00 0.000993
284234.50 5036262.40 -2.00 0.001449
284254.50 5036262.40 -2.00 0.002609
284274.50 5036262.40 -2.00 0.001114
284294.50 5036262.40 -2.00 0.002583
284314.50 5036262.40 -2.00 0.002897
284334.50 5036262.40 -2.00 0.001262
284214.50 5036282.40 -2.00 0.001968
284234.50 5036282.40 -2.00 0.001133
284254.50 5036282.40 -2.00 0.001046
284274.50 5036282.40 -2.00 0.002030
284294.50 5036282.40 -2.00 0.000583
284314.50 5036282.40 -2.00 0.001402
284334.50 5036282.40 -2.00 0.000752
284214.50 5036302.40 -2.00 0.001248
284234.50 5036302.40 -2.00 0.001546
284254.50 5036302.40 -2.00 0.001589
284274.50 5036302.40 -2.00 0.000605
284294.50 5036302.40 -2.00 0.001643
284314.50 5036302.40 -2.00 0.000721
284334.50 5036302.40 -2.00 0.000865
284214.50 5036322.40 -2.00 0.000379
284234.50 5036322.40 -2.00 0.001010
284254.50 5036322.40 -2.00 0.000823
284274.50 5036322.40 -2.00 0.000598
284294.50 5036322.40 -2.00 0.001132
284314.50 5036322.40 -2.00 0.000398
284334.50 5036322.40 -2.00 0.001667
284214.50 5036342.40 -2.00 0.000192
284234.50 5036342.40 -2.00 0.000316
284254.50 5036342.40 -2.00 0.000746
284274.50 5036342.40 -2.00 0.000435
284294.50 5036342.40 -2.00 0.001072
284314.50 5036342.40 -2.00 0.001451
284334.50 5036342.40 -2.00 0.001989
