9.840721467934086775e+01
1.444489996523264494e+02
1.198220009883386297e+02
7.398399776503663361e+01
4.234115831200643498e+01
2.350540985304120767e+01
-6.702147360822010569e+01
4.981293712040311306e+01
9.644692679900279586e+01
8.778803354422446148e+01
7.427818076213894471e+01
4.191166144008508354e+01
2.518664769352960775e+01
1.671857397253292277e+01
4.340241168378861403e+01
6.901841253354399441e+01
7.013011908061244526e+01
5.886767305165783881e+01
3.531676592612353716e+01
2.287885095865151186e+01
3.157884271057427128e+01
3.650468207590201786e+01
4.913424314266950432e+01
5.070449849049698088e+01
4.380533507493528589e+01
3.039879479911024163e+01
1.709154728605140505e+01
2.822286999884714831e+01
2.254581650812204074e+01
3.364296020877135618e+01
4.054095255104114415e+01
3.297730688259125031e+01
2.421989754593006694e+01
4.977418634439953138e+00
1.956753123372589087e+01
2.734626953849282671e+01
2.607916391687646751e+01
3.021521491009335136e+01
2.742138585978421972e+01
1.928349918736678958e+01
-4.175231499541299129e+00
1.527438647179121212e+01
2.341743544892359807e+01
2.323174497237837244e+01
1.980515326427131839e+01
2.269094740811460653e+01
1.625940892308393160e+01
-6.777178959327663677e+00
1.791142141245025599e+01
1.690974120750873411e+01
1.950197308648994721e+01
1.844759108612874954e+01
2.158810604664313360e+01
1.363870380746729438e+01
7.477814599905121895e+01
7.844551774870174654e+01
6.726147671058572541e+01
3.941944519934872915e+01
2.716215703779479185e+01
1.200949458714900331e+01
1.603608231964360016e+02
1.019337028033342847e+02
8.289992667394594150e+01
6.537749231227559221e+01
3.350905913953493354e+01
2.363930418106406606e+01
1.491882132879973888e+01
1.274153256790402367e+02
9.777184156714224628e+01
7.881602070296980855e+01
5.767565331504886217e+01
3.703218218843629472e+01
1.890232963546443301e+01
5.500898119978579359e+00
7.409342570949107198e+01
6.987244055084389061e+01
6.173409916240301953e+01
4.481912142036830460e+01
3.013393614776668272e+01
1.498384556747258500e+01
-5.111718973904260110e-01
-1.043109494347278954e+01
4.754011314460081650e+01
3.905591188153347559e+01
3.357672033711805426e+01
1.549227104934655941e+01
-3.856536524942477229e+00
-3.524635769511426986e+00
-2.534385571319461405e+01
2.161830019155530636e+01
1.595195583567311104e+01
1.929931630690970579e+01
7.493522461662024625e+00
-1.578601492037449283e+01
-5.641221952944770024e+00
-1.070882339839713104e+01
1.343510234574873863e+01
5.393014755396723814e+00
1.170284266801077422e+01
1.274050417954050829e+00
-1.459844525475247146e+01
-6.287590625250871312e+00
-6.769061813464732680e+00
6.779211782690040877e+00
2.189204412646741815e+00
1.717846436797216825e-01
-6.592345050719423227e+00
-1.490027178163518684e+01
2.153824669457760521e+01
3.103397133203983671e+01
2.271769655167337731e+01
4.422439059099082925e+01
3.361131016508463176e+01
1.986670148591371898e+01
7.343492749345818993e+01
4.378468555226281467e+01
3.011903198352479905e+01
1.599421825593405799e+01
8.570460503587779044e+01
6.908378566649808761e+01
4.540409171122422549e+01
2.483343905431560117e+01
1.782978456041325188e+01
7.855533336095031416e+01
9.097347988481485004e+01
6.693354342980273941e+01
4.280287111195779204e+01
1.799315792145739579e+01
1.003169745818153302e+01
1.112985107905235793e+02
9.297802293635965043e+01
6.057628719772841919e+01
3.122553249897130812e+01
7.416848395719625842e+00
1.688687868446096161e+02
1.201441353248208088e+02
8.000775567186562398e+01
4.727414334056629741e+01
1.990380883790619748e+01
-1.421460671055058000e+01
1.604352665317155697e+02
9.911542251950461946e+01
5.900337394300319716e+01
3.097247843985063653e+01
-1.952346466823065896e+00
1.144951446756532505e+02
7.544015654785287950e+01
3.336571275942944936e+01
1.229587260245713054e+01
6.905410385790196415e+01
4.197085814489993538e+01
1.652269729198717130e+01
3.579347558418240283e+01
2.336742495472595849e+01
1.736354299087864561e+01
3.171167320409553625e+00
-3.231842958900370633e+01
-2.204821691569368980e+01
-5.768913896839411137e+00
-3.348075050080694837e+01
-2.810499679317433674e+01
-9.953129923428598147e+00
-3.060806926970440855e+01
-3.542580325594147439e+01
-2.466603165687806154e+01
-5.711169788103670442e+01
-2.706279401509902272e+01
-3.187904691413741176e+01
-2.791386359658754657e+01
-2.530507182835755486e+01
-2.643976250393669858e+01
-3.871162938025916844e+01
-3.015536842170256904e+01
-2.857388783064259741e+01
-1.910572016764882619e+01
-1.849140891591070712e+01
-3.245525174462214579e+01
-3.694149583594922603e+01
-4.472933145583905912e+01
-2.491540269776442074e+01
1.477744526263177072e+01
-1.535942018311042467e+01
-1.141578395778575583e+01
-4.723265682851940994e+01
-5.608113014315863865e+01
-3.456947185106382392e+01
2.939507434931762475e+01
2.520699848544394683e+01
1.866557319450279095e+01
-7.701507074838920630e+01
-5.172649299147438029e+01
3.643718646525302773e+01
5.422485120193186248e+01
2.716919945666314362e+01
-9.079044858619943170e+01
-6.693125159731685869e+00
7.000719404733597173e+01
5.897014739040262299e+01
-6.450838447948315491e+01
8.729420364615224059e+01
7.643770481397362460e+01
1.157923169884929280e+02
1.003053566726649706e+02
1.739274511347755947e+02
9.999490166998702989e+03
-2.791116093597383052e-03
-2.802019741824451037e-03
-2.824033607041561214e-03
-2.861885800637844427e-03
-2.942398310099039044e-03
-2.983010918461094420e-03
-3.069520285534519700e-03
-3.185710786124385224e-03
-3.323504513085082362e-03
-3.504014904388650514e-03
-3.773324365142567867e-03
-4.140324851915161593e-03
-4.443282741337799095e-03
-4.869314290720790778e-03
-5.187153745057598853e-03
-5.620174237283800597e-03
-5.806070400591199082e-03
-2.785215846227548711e-03
-2.785485141108211792e-03
-2.808281181587377225e-03
-2.829876119192805631e-03
-2.879831885841186660e-03
-2.949667297400323119e-03
-3.031970980992591564e-03
-3.141293008949911855e-03
-3.273724659733947585e-03
-3.473010358211968233e-03
-3.696782281836764016e-03
-4.081422585571272375e-03
-4.482711647555898994e-03
-4.878009481172408332e-03
-5.325703877926316054e-03
-5.758149204522599110e-03
-5.973794011896499563e-03
-2.777376407511042943e-03
-2.751690593558526327e-03
-2.721460082700093066e-03
-2.781442338605785627e-03
-2.818078588089986767e-03
-2.847061472772207356e-03
-2.960536858882925008e-03
-2.995302672599259308e-03
-3.166817707260314273e-03
-3.350039845248419836e-03
-3.580391871287858310e-03
-4.442594988072473897e-03
-6.616094093104919055e-03
-4.918229283547278195e-03
-5.605998446606285865e-03
-6.120324228669785267e-03
-6.301557329700909101e-03
-2.774798908932959909e-03
-2.734373702776788165e-03
-2.674998510685345186e-03
-2.755273511176538521e-03
-2.705034240449672150e-03
-2.741879310482632243e-03
-2.864003058012862257e-03
-2.892616389183932241e-03
-3.134032296863568587e-03
-3.277771090242646759e-03
-3.534478350335323003e-03
-3.966530410256257147e-03
-1.986869855025498368e-03
6.706835118549593286e-03
-6.600418994847207475e-03
-6.771198312333408242e-03
-6.687650296458425361e-03
-2.779279107458054125e-03
-2.739320757392571786e-03
-2.599444142434782952e-03
-2.714667324839136527e-03
-2.654765249604383506e-03
-2.692523820773254969e-03
-2.805428535983689724e-03
-2.814160199090916942e-03
-3.016656692239696493e-03
-3.140222680149964366e-03
-3.497219388376739818e-03
-4.595540662006550661e-03
-4.663095001943171232e-03
-2.808979848623190459e-03
-6.640828615015795244e-02
7.763185993844659918e-03
-1.082811061046396253e-02
-2.788143576213290929e-03
-2.750228361097940138e-03
-2.716483218193305443e-03
-2.747413298860876350e-03
-2.719660534005575916e-03
-2.746922482023579637e-03
-2.785715119454412313e-03
-2.829334337103245247e-03
-3.010330749804640549e-03
-3.239414057994007522e-03
-3.504678438066625296e-03
-4.152402645834224124e-03
-4.912273192149379727e-03
-7.191745279491045147e-03
-4.295045782143835748e-03
9.035132601081803660e-03
-6.761486609073524834e-03
-2.800810741225055224e-03
-2.764044398175612496e-03
-2.541499500298514871e-03
-2.730963217946586440e-03
-2.568588776156270452e-03
-2.539562706773427093e-03
-2.723981383968315795e-03
-2.561071541651416261e-03
-2.898894032942065692e-03
-3.050685021514127314e-03
-3.279046224733567563e-03
-3.744448734107117156e-03
-4.250568833744275583e-03
-5.924488824067002460e-03
-7.227047618815100188e-03
-7.324717322701009697e-03
-9.488892165349822883e-03
-2.812556842976826708e-03
-2.782140507649510323e-03
-2.724940489250176311e-03
-2.737851819013598607e-03
-2.687142979124682377e-03
-2.716595640240665206e-03
-2.749515131574752514e-03
-2.770409489361208826e-03
-2.884554042972079999e-03
-2.979192335007202833e-03
-3.191389284422989706e-03
-3.515085433937654297e-03
-3.834829627140848470e-03
-4.591993460584208736e-03
-5.074932132277819655e-03
-5.432337248951929140e-03
-5.378650036343969078e-03
-2.826568004300064434e-03
-2.792981238243299157e-03
-2.659401138719790902e-03
-2.737220961605717640e-03
-2.645865251928934594e-03
-2.630888454526090440e-03
-2.676947906376560445e-03
-2.669366420405746079e-03
-2.793803016743401021e-03
-2.777600527006605750e-03
-2.996721003560065804e-03
-3.241614428546314187e-03
-3.282643469548316047e-03
-3.878751073695019431e-03
-4.047528975676550726e-03
-4.340568046157561657e-03
-4.431805933128279106e-03
-2.965374379306156584e-03
-2.803771963778004493e-03
-2.606083903365793118e-03
-2.714335178997234147e-03
-2.612067964385024997e-03
-2.649230219745666789e-03
-2.657327464433797536e-03
-2.573698848966603746e-03
-2.745681375800573636e-03
-2.713428266352191538e-03
-2.771535525438084853e-03
-2.949547628770157748e-03
-2.814611699730358140e-03
-3.363881584216185834e-03
-3.357177865076494197e-03
-3.778982165551884008e-03
-3.827992761598258097e-03
-2.859258331065555117e-03
-2.349873262777155223e-03
-2.781461964555340810e-03
-2.770357713196461291e-03
-2.691484190761591483e-03
-2.655877408777432107e-03
-2.652919454856868427e-03
-2.633167982948275351e-03
-2.684869617887951625e-03
-2.678655070005623966e-03
-2.751738906110915133e-03
-2.836852072718102323e-03
-2.845269236196043723e-03
-3.001543769253344797e-03
-3.039790725238539042e-03
-3.347098338253405060e-03
-3.382370050338462126e-03
-3.682027996310616950e-03
-2.473468732247004719e-03
-3.977836636552638076e-03
-2.289586472873339149e-03
-2.731520172053370117e-03
-2.517031768047743763e-03
-2.581407788061430755e-03
-2.344170066494065917e-03
-2.609962974578460427e-03
-2.483578758795044333e-03
-2.508893595271749748e-03
-2.652918833758995208e-03
-2.499113198634585198e-03
-2.778458415875270562e-03
-2.828673632696658818e-03
-3.061735261831826510e-03
-3.166166392815575412e-03
-2.905423234475837911e-03
-1.804276972168779129e-04
-2.399938768858396552e-03
-2.354512187971811304e-03
-2.737040809351123059e-03
-2.610403407568373871e-03
-2.613076412372441516e-03
-2.561255894936119264e-03
-2.614469103352009150e-03
-2.624315616078886151e-03
-2.620195626559886082e-03
-2.654546100380344477e-03
-2.657978459583670676e-03
-2.740206433340953204e-03
-2.773402373455577125e-03
-2.943588733424869035e-03
-3.022529254396250521e-03
-3.592271898275282462e-03
-2.944039890170185034e-04
-1.025322009895575717e-02
-1.518008168991023810e-03
-2.989636272354084974e-03
-2.794269184769513758e-03
-2.646889904102453853e-03
-2.505585610077387757e-03
-2.556671387920036315e-03
-2.530242784306566562e-03
-2.551851672261844228e-03
-2.604808769568859282e-03
-2.472658506824958278e-03
-2.683000181386923332e-03
-2.678098162630078525e-03
-2.859057401986996559e-03
-2.907955706820080158e-03
-2.913638511031142828e-03
-2.905017683393770148e-03
-2.894058275455647575e-03
-1.786711105414498383e-04
-2.320465381024322624e-03
-2.684244159875202613e-03
-2.686778576509370534e-03
-2.541089084167207773e-03
-2.627040359613381799e-03
-2.592314223900626848e-03
-2.551325797183625222e-03
-2.619442120450170709e-03
-2.579328015314882698e-03
-2.655386344807523710e-03
-2.661521499822786484e-03
-2.787497737667377594e-03
-2.832642961431380921e-03
-2.910464387234076161e-03
-2.906475560348287680e-03
-2.890254126540757994e-03
-2.838741969383191434e-03
-3.427604628492210426e-03
-2.796214402751842285e-03
-2.697898859545644085e-03
-2.653535657118865233e-03
-2.641329688544252416e-03
-2.592168663511407005e-03
-2.618026925199524926e-03
-2.638690022810135684e-03
-2.605411246379327715e-03
-2.661634347629917435e-03
-2.664793867059997955e-03
-2.740055878941817253e-03
-2.786588841057145369e-03
-2.906802042802050096e-03
-2.901429100436977819e-03
-2.883315988312875992e-03
-2.856422371308526414e-03
-2.825560712379957939e-03
-2.785572076806556822e-03
-2.764387551522851788e-03
-2.728680939108738511e-03
-2.705171544701970299e-03
-2.680477384759739814e-03
-2.681653922733893622e-03
-2.684439907175779211e-03
-2.685820485400987855e-03
-2.693077751876116806e-03
-2.709690764741334336e-03
-2.740515669951101331e-03
-2.765089685588651477e-03
-2.904088935314346354e-03
-2.899069684029849034e-03
-2.883289303106407846e-03
-2.859822309824776223e-03
-2.832438648197267185e-03
-2.804449403507719082e-03
-2.778103605707579662e-03
-2.754201833044346570e-03
-2.730801308098652208e-03
-2.710564180591402885e-03
-2.702743514271451451e-03
-2.702760225417377270e-03
-2.700455057711920789e-03
-2.708666953676533776e-03
-2.721071359629509585e-03
-2.739292121542273584e-03
-2.754153603006004140e-03
