# X Y Z i
284214.50 5036142.40 -30.00 0.001358
284234.50 5036142.40 -30.00 0.001594
284254.50 5036142.40 -30.00 0.001752
284274.50 5036142.40 -30.00 0.001853
284294.50 5036142.40 -30.00 0.002041
284314.50 5036142.40 -30.00 0.001958
284334.50 5036142.40 -30.00 0.001890
284214.50 5036162.40 -30.00 0.001281
284234.50 5036162.40 -30.00 0.001697
284254.50 5036162.40 -30.00 0.001813
284274.50 5036162.40 -30.00 0.001825
284294.50 5036162.40 -30.00 0.001890
284314.50 5036162.40 -30.00 0.001876
284334.50 5036162.40 -30.00 0.001878
284214.50 5036182.40 -30.00 0.001870
284234.50 5036182.40 -30.00 0.001995
284254.50 5036182.40 -30.00 0.001784
284274.50 5036182.40 -30.00 0.001802
284294.50 5036182.40 -30.00 0.001845
284314.50 5036182.40 -30.00 0.001825
284334.50 5036182.40 -30.00 0.001895
284214.50 5036202.40 -30.00 0.001364
284234.50 5036202.40 -30.00 0.001335
284254.50 5036202.40 -30.00 0.001803
284274.50 5036202.40 -30.00 0.002154
284294.50 5036202.40 -30.00 0.001960
284314.50 5036202.40 -30.00 0.001835
284334.50 5036202.40 -30.00 0.001876
284214.50 5036222.40 -30.00 0.000693
284234.50 5036222.40 -30.00 0.000894
284254.50 5036222.40 -30.00 0.001159
284274.50 5036222.40 -30.00 0.002389
284294.50 5036222.40 -30.00 0.002179
284314.50 5036222.40 -30.00 0.001777
284334.50 5036222.40 -30.00 0.001969
284214.50 5036242.40 -30.00 0.000429
284234.50 5036242.40 -30.00 0.000086
284254.50 5036242.40 -30.00 0.000122
284274.50 5036242.40 -30.00 0.001649
284294.50 5036242.40 -30.00 0.001745
284314.50 5036242.40 -30.00 0.002018
284334.50 5036242.40 -30.00 0.001825
284214.50 5036262.40 -30.00 0.000080
284234.50 5036262.40 -30.00 0.000711
284254.50 5036262.40 -30.00 0.001211
284274.50 5036262.40 -30.00 0.001204
284294.50 5036262.40 -30.00 0.001504
284314.50 5036262.40 -30.00 0.001774
284334.50 5036262.40 -30.00 0.001779
284214.50 5036282.40 -30.00 0.000945
284234.50 5036282.40 -30.00 0.000119
284254.50 5036282.40 -30.00 0.001443
284274.50 5036282.40 -30.00 0.001712
284294.50 5036282.40 -30.00 0.001765
284314.50 5036282.40 -30.00 0.002053
284334.50 5036282.40 -30.00 0.002081
284214.50 5036302.40 -30.00 0.001608
284234.50 5036302.40 -30.00 0.001678
284254.50 5036302.40 -30.00 0.001737
284274.50 5036302.40 -30.00 0.001832
284294.50 5036302.40 -30.00 0.001760
284314.50 5036302.40 -30.00 0.001788
284334.50 5036302.40 -30.00 0.001792
284214.50 5036322.40 -30.00 0.001636
284234.50 5036322.40 -30.00 0.001784
284254.50 5036322.40 -30.00 0.001785
284274.50 5036322.40 -30.00 0.001877
284294.50 5036322.40 -30.00 0.001811
284314.50 5036322.40 -30.00 0.001790
284334.50 5036322.40 -30.00 0.001781
284214.50 5036342.40 -30.00 0.001761
284234.50 5036342.40 -30.00 0.001813
284254.50 5036342.40 -30.00 0.001828
284274.50 5036342.40 -30.00 0.002035
284294.50 5036342.40 -30.00 0.001825
284314.50 5036342.40 -30.00 0.001791
284334.50 5036342.40 -30.00 0.001777
284214.50 5036142.40 -26.00 0.001358
284234.50 5036142.40 -26.00 0.001595
284254.50 5036142.40 -26.00 0.001755
284274.50 5036142.40 -26.00 0.001860
284294.50 5036142.40 -26.00 0.002052
284314.50 5036142.40 -26.00 0.001965
284334.50 5036142.40 -26.00 0.001894
284214.50 5036162.40 -26.00 0.001280
284234.50 5036162.40 -26.00 0.001699
284254.50 5036162.40 -26.00 0.001819
284274.50 5036162.40 -26.00 0.001835
284294.50 5036162.40 -26.00 0.001903
284314.50 5036162.40 -26.00 0.001886
284334.50 5036162.40 -26.00 0.001884
284214.50 5036182.40 -26.00 0.001868
284234.50 5036182.40 -26.00 0.001997
284254.50 5036182.40 -26.00 0.001789
284274.50 5036182.40 -26.00 0.001815
284294.50 5036182.40 -26.00 0.001861
284314.50 5036182.40 -26.00 0.001839
284334.50 5036182.40 -26.00 0.001903
284214.50 5036202.40 -26.00 0.001352
284234.50 5036202.40 -26.00 0.001314
284254.50 5036202.40 -26.00 0.001792
284274.50 5036202.40 -26.00 0.002170
284294.50 5036202.40 -26.00 0.001984
284314.50 5036202.40 -26.00 0.001851
284334.50 5036202.40 -26.00 0.001886
284214.50 5036222.40 -26.00 0.000646
284234.50 5036222.40 -26.00 0.000835
284254.50 5036222.40 -26.00 0.001118
284274.50 5036222.40 -26.00 0.002387
284294.50 5036222.40 -26.00 0.002217
284314.50 5036222.40 -26.00 0.001798
284334.50 5036222.40 -26.00 0.001981
284214.50 5036242.40 -26.00 0.000370
284234.50 5036242.40 -26.00 0.000072
284254.50 5036242.40 -26.00 0.000113
284274.50 5036242.40 -26.00 0.001646
284294.50 5036242.40 -26.00 0.001749
284314.50 5036242.40 -26.00 0.002030
284334.50 5036242.40 -26.00 0.001835
284214.50 5036262.40 -26.00 0.000074
284234.50 5036262.40 -26.00 0.000709
284254.50 5036262.40 -26.00 0.001209
284274.50 5036262.40 -26.00 0.001193
284294.50 5036262.40 -26.00 0.001507
284314.50 5036262.40 -26.00 0.001790
284334.50 5036262.40 -26.00 0.001786
284214.50 5036282.40 -26.00 0.000944
284234.50 5036282.40 -26.00 0.000118
284254.50 5036282.40 -26.00 0.001440
284274.50 5036282.40 -26.00 0.001710
284294.50 5036282.40 -26.00 0.001764
284314.50 5036282.40 -26.00 0.002025
284334.50 5036282.40 -26.00 0.002084
284214.50 5036302.40 -26.00 0.001607
284234.50 5036302.40 -26.00 0.001677
284254.50 5036302.40 -26.00 0.001735
284274.50 5036302.40 -26.00 0.001840
284294.50 5036302.40 -26.00 0.001762
284314.50 5036302.40 -26.00 0.001789
284334.50 5036302.40 -26.00 0.001793
284214.50 5036322.40 -26.00 0.001634
284234.50 5036322.40 -26.00 0.001788
284254.50 5036322.40 -26.00 0.001788
284274.50 5036322.40 -26.00 0.001878
284294.50 5036322.40 -26.00 0.001811
284314.50 5036322.40 -26.00 0.001791
284334.50 5036322.40 -26.00 0.001782
284214.50 5036342.40 -26.00 0.001764
284234.50 5036342.40 -26.00 0.001816
284254.50 5036342.40 -26.00 0.001831
284274.50 5036342.40 -26.00 0.002036
284294.50 5036342.40 -26.00 0.001826
284314.50 5036342.40 -26.00 0.001792
284334.50 5036342.40 -26.00 0.001778
284214.50 5036142.40 -22.00 0.001359
284234.50 5036142.40 -22.00 0.001595
284254.50 5036142.40 -22.00 0.001757
284274.50 5036142.40 -22.00 0.001865
284294.50 5036142.40 -22.00 0.002057
284314.50 5036142.40 -22.00 0.001969
284334.50 5036142.40 -22.00 0.001896
284214.50 5036162.40 -22.00 0.001279
284234.50 5036162.40 -22.00 0.001700
284254.50 5036162.40 -22.00 0.001824
284274.50 5036162.40 -22.00 0.001844
284294.50 5036162.40 -22.00 0.001914
284314.50 5036162.40 -22.00 0.001894
284334.50 5036162.40 -22.00 0.001888
284214.50 5036182.40 -22.00 0.001862
284234.50 5036182.40 -22.00 0.001992
284254.50 5036182.40 -22.00 0.001792
284274.50 5036182.40 -22.00 0.001826
284294.50 5036182.40 -22.00 0.001875
284314.50 5036182.40 -22.00 0.001851
284334.50 5036182.40 -22.00 0.001909
284214.50 5036202.40 -22.00 0.001335
284234.50 5036202.40 -22.00 0.001291
284254.50 5036202.40 -22.00 0.001780
284274.50 5036202.40 -22.00 0.002179
284294.50 5036202.40 -22.00 0.002004
284314.50 5036202.40 -22.00 0.001867
284334.50 5036202.40 -22.00 0.001895
284214.50 5036222.40 -22.00 0.000625
284234.50 5036222.40 -22.00 0.000739
284254.50 5036222.40 -22.00 0.001066
284274.50 5036222.40 -22.00 0.002378
284294.50 5036222.40 -22.00 0.002245
284314.50 5036222.40 -22.00 0.001813
284334.50 5036222.40 -22.00 0.001992
284214.50 5036242.40 -22.00 0.000346
284234.50 5036242.40 -22.00 0.000087
284254.50 5036242.40 -22.00 0.000113
284274.50 5036242.40 -22.00 0.001644
284294.50 5036242.40 -22.00 0.001752
284314.50 5036242.40 -22.00 0.002038
284334.50 5036242.40 -22.00 0.001844
284214.50 5036262.40 -22.00 0.000075
284234.50 5036262.40 -22.00 0.000705
284254.50 5036262.40 -22.00 0.001212
284274.50 5036262.40 -22.00 0.001192
284294.50 5036262.40 -22.00 0.001491
284314.50 5036262.40 -22.00 0.001801
284334.50 5036262.40 -22.00 0.001791
284214.50 5036282.40 -22.00 0.000954
284234.50 5036282.40 -22.00 0.000046
284254.50 5036282.40 -22.00 0.001444
284274.50 5036282.40 -22.00 0.001710
284294.50 5036282.40 -22.00 0.001761
284314.50 5036282.40 -22.00 0.002045
284334.50 5036282.40 -22.00 0.002087
284214.50 5036302.40 -22.00 0.001607
284234.50 5036302.40 -22.00 0.001676
284254.50 5036302.40 -22.00 0.001734
284274.50 5036302.40 -22.00 0.001840
284294.50 5036302.40 -22.00 0.001763
284314.50 5036302.40 -22.00 0.001790
284334.50 5036302.40 -22.00 0.001794
284214.50 5036322.40 -22.00 0.001634
284234.50 5036322.40 -22.00 0.001790
284254.50 5036322.40 -22.00 0.001788
284274.50 5036322.40 -22.00 0.001878
284294.50 5036322.40 -22.00 0.001812
284314.50 5036322.40 -22.00 0.001791
284334.50 5036322.40 -22.00 0.001782
284214.50 5036342.40 -22.00 0.001766
284234.50 5036342.40 -22.00 0.001814
284254.50 5036342.40 -22.00 0.001828
284274.50 5036342.40 -22.00 0.002035
284294.50 5036342.40 -22.00 0.001826
284314.50 5036342.40 -22.00 0.001792
284334.50 5036342.40 -22.00 0.001778
284214.50 5036142.40 -18.00 0.001359
284234.50 5036142.40 -18.00 0.001598
284254.50 5036142.40 -18.00 0.001762
284274.50 5036142.40 -18.00 0.001877
284294.50 5036142.40 -18.00 0.002091
284314.50 5036142.40 -18.00 0.001984
284334.50 5036142.40 -18.00 0.001900
284214.50 5036162.40 -18.00 0.001282
284234.50 5036162.40 -18.00 0.001706
284254.50 5036162.40 -18.00 0.001838
284274.50 5036162.40 -18.00 0.001867
284294.50 5036162.40 -18.00 0.001945
284314.50 5036162.40 -18.00 0.001912
284334.50 5036162.40 -18.00 0.001895
284214.50 5036182.40 -18.00 0.001874
284234.50 5036182.40 -18.00 0.002015
284254.50 5036182.40 -18.00 0.001817
284274.50 5036182.40 -18.00 0.001855
284294.50 5036182.40 -18.00 0.001905
284314.50 5036182.40 -18.00 0.001878
284334.50 5036182.40 -18.00 0.001919
284214.50 5036202.40 -18.00 0.001328
284234.50 5036202.40 -18.00 0.001267
284254.50 5036202.40 -18.00 0.001776
284274.50 5036202.40 -18.00 0.002234
284294.50 5036202.40 -18.00 0.002056
284314.50 5036202.40 -18.00 0.001903
284334.50 5036202.40 -18.00 0.001907
284214.50 5036222.40 -18.00 0.000526
284234.50 5036222.40 -18.00 0.000654
284254.50 5036222.40 -18.00 0.000976
284274.50 5036222.40 -18.00 0.002384
284294.50 5036222.40 -18.00 0.002334
284314.50 5036222.40 -18.00 0.001853
284334.50 5036222.40 -18.00 0.002015
284214.50 5036242.40 -18.00 0.000214
284234.50 5036242.40 -18.00 0.000062
284254.50 5036242.40 -18.00 0.000075
284274.50 5036242.40 -18.00 0.001644
284294.50 5036242.40 -18.00 0.001773
284314.50 5036242.40 -18.00 0.002069
284334.50 5036242.40 -18.00 0.001861
284214.50 5036262.40 -18.00 0.000040
284234.50 5036262.40 -18.00 0.000693
284254.50 5036262.40 -18.00 0.001216
284274.50 5036262.40 -18.00 0.001205
284294.50 5036262.40 -18.00 0.001480
284314.50 5036262.40 -18.00 0.001817
284334.50 5036262.40 -18.00 0.001800
284214.50 5036282.40 -18.00 0.000912
284234.50 5036282.40 -18.00 0.000029
284254.50 5036282.40 -18.00 0.001421
284274.50 5036282.40 -18.00 0.001707
284294.50 5036282.40 -18.00 0.001758
284314.50 5036282.40 -18.00 0.002039
284334.50 5036282.40 -18.00 0.002090
284214.50 5036302.40 -18.00 0.001607
284234.50 5036302.40 -18.00 0.001675
284254.50 5036302.40 -18.00 0.001731
284274.50 5036302.40 -18.00 0.001835
284294.50 5036302.40 -18.00 0.001766
284314.50 5036302.40 -18.00 0.001792
284334.50 5036302.40 -18.00 0.001796
284214.50 5036322.40 -18.00 0.001632
284234.50 5036322.40 -18.00 0.001794
284254.50 5036322.40 -18.00 0.001793
284274.50 5036322.40 -18.00 0.001881
284294.50 5036322.40 -18.00 0.001813
284314.50 5036322.40 -18.00 0.001792
284334.50 5036322.40 -18.00 0.001783
284214.50 5036342.40 -18.00 0.001770
284234.50 5036342.40 -18.00 0.001826
284254.50 5036342.40 -18.00 0.001844
284274.50 5036342.40 -18.00 0.002039
284294.50 5036342.40 -18.00 0.001828
284314.50 5036342.40 -18.00 0.001793
284334.50 5036342.40 -18.00 0.001778
284214.50 5036142.40 -14.00 0.001359
284234.50 5036142.40 -14.00 0.001599
284254.50 5036142.40 -14.00 0.001765
284274.50 5036142.40 -14.00 0.001884
284294.50 5036142.40 -14.00 0.002105
284314.50 5036142.40 -14.00 0.001992
284334.50 5036142.40 -14.00 0.001903
284214.50 5036162.40 -14.00 0.001281
284234.50 5036162.40 -14.00 0.001709
284254.50 5036162.40 -14.00 0.001846
284274.50 5036162.40 -14.00 0.001882
284294.50 5036162.40 -14.00 0.001965
284314.50 5036162.40 -14.00 0.001926
284334.50 5036162.40 -14.00 0.001900
284214.50 5036182.40 -14.00 0.001871
284234.50 5036182.40 -14.00 0.002019
284254.50 5036182.40 -14.00 0.001828
284274.50 5036182.40 -14.00 0.001875
284294.50 5036182.40 -14.00 0.001928
284314.50 5036182.40 -14.00 0.001895
284334.50 5036182.40 -14.00 0.001926
284214.50 5036202.40 -14.00 0.001311
284234.50 5036202.40 -14.00 0.001239
284254.50 5036202.40 -14.00 0.001765
284274.50 5036202.40 -14.00 0.002262
284294.50 5036202.40 -14.00 0.002091
284314.50 5036202.40 -14.00 0.001925
284334.50 5036202.40 -14.00 0.001919
284214.50 5036222.40 -14.00 0.000488
284234.50 5036222.40 -14.00 0.000492
284254.50 5036222.40 -14.00 0.000898
284274.50 5036222.40 -14.00 0.002370
284294.50 5036222.40 -14.00 0.002388
284314.50 5036222.40 -14.00 0.001874
284334.50 5036222.40 -14.00 0.002030
284214.50 5036242.40 -14.00 0.000170
284234.50 5036242.40 -14.00 0.000068
284254.50 5036242.40 -14.00 0.000061
284274.50 5036242.40 -14.00 0.001641
284294.50 5036242.40 -14.00 0.001767
284314.50 5036242.40 -14.00 0.002093
284334.50 5036242.40 -14.00 0.001875
284214.50 5036262.40 -14.00 0.000027
284234.50 5036262.40 -14.00 0.000690
284254.50 5036262.40 -14.00 0.001222
284274.50 5036262.40 -14.00 0.001207
284294.50 5036262.40 -14.00 0.001430
284314.50 5036262.40 -14.00 0.001833
284334.50 5036262.40 -14.00 0.001806
284214.50 5036282.40 -14.00 0.000920
284234.50 5036282.40 -14.00 0.000026
284254.50 5036282.40 -14.00 0.001418
284274.50 5036282.40 -14.00 0.001706
284294.50 5036282.40 -14.00 0.001755
284314.50 5036282.40 -14.00 0.002029
284334.50 5036282.40 -14.00 0.002093
284214.50 5036302.40 -14.00 0.001607
284234.50 5036302.40 -14.00 0.001674
284254.50 5036302.40 -14.00 0.001730
284274.50 5036302.40 -14.00 0.001842
284294.50 5036302.40 -14.00 0.001767
284314.50 5036302.40 -14.00 0.001794
284334.50 5036302.40 -14.00 0.001797
284214.50 5036322.40 -14.00 0.001631
284234.50 5036322.40 -14.00 0.001795
284254.50 5036322.40 -14.00 0.001794
284274.50 5036322.40 -14.00 0.001882
284294.50 5036322.40 -14.00 0.001814
284314.50 5036322.40 -14.00 0.001792
284334.50 5036322.40 -14.00 0.001783
284214.50 5036342.40 -14.00 0.001770
284234.50 5036342.40 -14.00 0.001828
284254.50 5036342.40 -14.00 0.001844
284274.50 5036342.40 -14.00 0.002039
284294.50 5036342.40 -14.00 0.001828
284314.50 5036342.40 -14.00 0.001793
284334.50 5036342.40 -14.00 0.001779
284214.50 5036142.40 -10.00 0.001359
284234.50 5036142.40 -10.00 0.001601
284254.50 5036142.40 -10.00 0.001770
284274.50 5036142.40 -10.00 0.001896
284294.50 5036142.40 -10.00 0.002144
284314.50 5036142.40 -10.00 0.002008
284334.50 5036142.40 -10.00 0.001907
284214.50 5036162.40 -10.00 0.001284
284234.50 5036162.40 -10.00 0.001716
284254.50 5036162.40 -10.00 0.001862
284274.50 5036162.40 -10.00 0.001907
284294.50 5036162.40 -10.00 0.002001
284314.50 5036162.40 -10.00 0.001942
284334.50 5036162.40 -10.00 0.001906
284214.50 5036182.40 -10.00 0.001884
284234.50 5036182.40 -10.00 0.002046
284254.50 5036182.40 -10.00 0.001859
284274.50 5036182.40 -10.00 0.001908
284294.50 5036182.40 -10.00 0.001961
284314.50 5036182.40 -10.00 0.001923
284334.50 5036182.40 -10.00 0.001937
284214.50 5036202.40 -10.00 0.001305
284234.50 5036202.40 -10.00 0.001214
284254.50 5036202.40 -10.00 0.001768
284274.50 5036202.40 -10.00 0.002330
284294.50 5036202.40 -10.00 0.002151
284314.50 5036202.40 -10.00 0.001963
284334.50 5036202.40 -10.00 0.001932
284214.50 5036222.40 -10.00 0.000390
284234.50 5036222.40 -10.00 0.000411
284254.50 5036222.40 -10.00 0.000749
284274.50 5036222.40 -10.00 0.002390
284294.50 5036222.40 -10.00 0.002488
284314.50 5036222.40 -10.00 0.001916
284334.50 5036222.40 -10.00 0.002055
284214.50 5036242.40 -10.00 0.000042
284234.50 5036242.40 -10.00 0.000054
284254.50 5036242.40 -10.00 0.000022
284274.50 5036242.40 -10.00 0.001645
284294.50 5036242.40 -10.00 0.001758
284314.50 5036242.40 -10.00 0.002126
284334.50 5036242.40 -10.00 0.001893
284214.50 5036262.40 -10.00 0.000005
284234.50 5036262.40 -10.00 0.000681
284254.50 5036262.40 -10.00 0.001221
284274.50 5036262.40 -10.00 0.001213
284294.50 5036262.40 -10.00 0.001420
284314.50 5036262.40 -10.00 0.001847
284334.50 5036262.40 -10.00 0.001814
284214.50 5036282.40 -10.00 0.000816
284234.50 5036282.40 -10.00 0.000000
284254.50 5036282.40 -10.00 0.001404
284274.50 5036282.40 -10.00 0.001706
284294.50 5036282.40 -10.00 0.001753
284314.50 5036282.40 -10.00 0.002036
284334.50 5036282.40 -10.00 0.002096
284214.50 5036302.40 -10.00 0.001607
284234.50 5036302.40 -10.00 0.001673
284254.50 5036302.40 -10.00 0.001729
284274.50 5036302.40 -10.00 0.001842
284294.50 5036302.40 -10.00 0.001769
284314.50 5036302.40 -10.00 0.001796
284334.50 5036302.40 -10.00 0.001799
284214.50 5036322.40 -10.00 0.001629
284234.50 5036322.40 -10.00 0.001804
284254.50 5036322.40 -10.00 0.001799
284274.50 5036322.40 -10.00 0.001885
284294.50 5036322.40 -10.00 0.001816
284314.50 5036322.40 -10.00 0.001794
284334.50 5036322.40 -10.00 0.001784
284214.50 5036342.40 -10.00 0.001775
284234.50 5036342.40 -10.00 0.001838
284254.50 5036342.40 -10.00 0.001857
284274.50 5036342.40 -10.00 0.002043
284294.50 5036342.40 -10.00 0.001829
284314.50 5036342.40 -10.00 0.001794
284334.50 5036342.40 -10.00 0.001779
284214.50 5036142.40 -6.00 0.001359
284234.50 5036142.40 -6.00 0.001602
284254.50 5036142.40 -6.00 0.001771
284274.50 5036142.40 -6.00 0.001900
284294.50 5036142.40 -6.00 0.002167
284314.50 5036142.40 -6.00 0.002012
284334.50 5036142.40 -6.00 0.001908
284214.50 5036162.40 -6.00 0.001284
284234.50 5036162.40 -6.00 0.001717
284254.50 5036162.40 -6.00 0.001869
284274.50 5036162.40 -6.00 0.001924
284294.50 5036162.40 -6.00 0.002023
284314.50 5036162.40 -6.00 0.001956
284334.50 5036162.40 -6.00 0.001908
284214.50 5036182.40 -6.00 0.001882
284234.50 5036182.40 -6.00 0.002054
284254.50 5036182.40 -6.00 0.001875
284274.50 5036182.40 -6.00 0.001929
284294.50 5036182.40 -6.00 0.001983
284314.50 5036182.40 -6.00 0.001940
284334.50 5036182.40 -6.00 0.001941
284214.50 5036202.40 -6.00 0.001293
284234.50 5036202.40 -6.00 0.001195
284254.50 5036202.40 -6.00 0.001766
284274.50 5036202.40 -6.00 0.002370
284294.50 5036202.40 -6.00 0.002190
284314.50 5036202.40 -6.00 0.001983
284334.50 5036202.40 -6.00 0.001943
284214.50 5036222.40 -6.00 0.000374
284234.50 5036222.40 -6.00 0.000255
284254.50 5036222.40 -6.00 0.000681
284274.50 5036222.40 -6.00 0.002414
284294.50 5036222.40 -6.00 0.002545
284314.50 5036222.40 -6.00 0.001936
284334.50 5036222.40 -6.00 0.002071
284214.50 5036242.40 -6.00 0.000030
284234.50 5036242.40 -6.00 0.000043
284254.50 5036242.40 -6.00 0.000012
284274.50 5036242.40 -6.00 0.001644
284294.50 5036242.40 -6.00 0.001788
284314.50 5036242.40 -6.00 0.002148
284334.50 5036242.40 -6.00 0.001906
284214.50 5036262.40 -6.00 0.000007
284234.50 5036262.40 -6.00 0.000680
284254.50 5036262.40 -6.00 0.001219
284274.50 5036262.40 -6.00 0.001213
284294.50 5036262.40 -6.00 0.001425
284314.50 5036262.40 -6.00 0.001861
284334.50 5036262.40 -6.00 0.001818
284214.50 5036282.40 -6.00 0.000828
284234.50 5036282.40 -6.00 0.000006
284254.50 5036282.40 -6.00 0.001330
284274.50 5036282.40 -6.00 0.001705
284294.50 5036282.40 -6.00 0.001751
284314.50 5036282.40 -6.00 0.002010
284334.50 5036282.40 -6.00 0.002098
284214.50 5036302.40 -6.00 0.001607
284234.50 5036302.40 -6.00 0.001673
284254.50 5036302.40 -6.00 0.001727
284274.50 5036302.40 -6.00 0.001841
284294.50 5036302.40 -6.00 0.001769
284314.50 5036302.40 -6.00 0.001795
284334.50 5036302.40 -6.00 0.001799
284214.50 5036322.40 -6.00 0.001629
284234.50 5036322.40 -6.00 0.001800
284254.50 5036322.40 -6.00 0.001798
284274.50 5036322.40 -6.00 0.001884
284294.50 5036322.40 -6.00 0.001815
284314.50 5036322.40 -6.00 0.001794
284334.50 5036322.40 -6.00 0.001784
284214.50 5036342.40 -6.00 0.001775
284234.50 5036342.40 -6.00 0.001838
284254.50 5036342.40 -6.00 0.001856
284274.50 5036342.40 -6.00 0.002042
284294.50 5036342.40 -6.00 0.001829
284314.50 5036342.40 -6.00 0.001793
284334.50 5036342.40 -6.00 0.001779
284214.50 5036142.40 -2.00 0.001359
284234.50 5036142.40 -2.00 0.001602
284254.50 5036142.40 -2.00 0.001772
284274.50 5036142.40 -2.00 0.001903
284294.50 5036142.40 -2.00 0.002197
284314.50 5036142.40 -2.00 0.002018
284334.50 5036142.40 -2.00 0.001909
284214.50 5036162.40 -2.00 0.001284
284234.50 5036162.40 -2.00 0.001719
284254.50 5036162.40 -2.00 0.001877
284274.50 5036162.40 -2.00 0.001945
284294.50 5036162.40 -2.00 0.002051
284314.50 5036162.40 -2.00 0.001971
284334.50 5036162.40 -2.00 0.001910
284214.50 5036182.40 -2.00 0.001886
284234.50 5036182.40 -2.00 0.002076
284254.50 5036182.40 -2.00 0.001916
284274.50 5036182.40 -2.00 0.001973
284294.50 5036182.40 -2.00 0.002007
284314.50 5036182.40 -2.00 0.001960
284334.50 5036182.40 -2.00 0.001945
284214.50 5036202.40 -2.00 0.001291
284234.50 5036202.40 -2.00 0.001183
284254.50 5036202.40 -2.00 0.001774
284274.50 5036202.40 -2.00 0.002444
284294.50 5036202.40 -2.00 0.002236
284314.50 5036202.40 -2.00 0.002011
284334.50 5036202.40 -2.00 0.001962
284214.50 5036222.40 -2.00 0.000349
284234.50 5036222.40 -2.00 0.000001
284254.50 5036222.40 -2.00 0.000524
284274.50 5036222.40 -2.00 0.002442
284294.50 5036222.40 -2.00 0.002624
284314.50 5036222.40 -2.00 0.001959
284334.50 5036222.40 -2.00 0.002090
284214.50 5036242.40 -2.00 0.000000
284234.50 5036242.40 -2.00 0.000044
284254.50 5036242.40 -2.00 0.000000
284274.50 5036242.40 -2.00 0.001645
284294.50 5036242.40 -2.00 0.001765
284314.50 5036242.40 -2.00 0.002170
284334.50 5036242.40 -2.00 0.001922
284214.50 5036262.40 -2.00 0.000000
284234.50 5036262.40 -2.00 0.000678
284254.50 5036262.40 -2.00 0.001218
284274.50 5036262.40 -2.00 0.001213
284294.50 5036262.40 -2.00 0.001425
284314.50 5036262.40 -2.00 0.001866
284334.50 5036262.40 -2.00 0.001821
284214.50 5036282.40 -2.00 0.000818
284234.50 5036282.40 -2.00 0.000003
284254.50 5036282.40 -2.00 0.001329
284274.50 5036282.40 -2.00 0.001705
284294.50 5036282.40 -2.00 0.001755
284314.50 5036282.40 -2.00 0.002036
284334.50 5036282.40 -2.00 0.002098
284214.50 5036302.40 -2.00 0.001607
284234.50 5036302.40 -2.00 0.001673
284254.50 5036302.40 -2.00 0.001727
284274.50 5036302.40 -2.00 0.001839
284294.50 5036302.40 -2.00 0.001770
284314.50 5036302.40 -2.00 0.001796
284334.50 5036302.40 -2.00 0.001799
284214.50 5036322.40 -2.00 0.001628
284234.50 5036322.40 -2.00 0.001801
284254.50 5036322.40 -2.00 0.001799
284274.50 5036322.40 -2.00 0.001885
284294.50 5036322.40 -2.00 0.001816
284314.50 5036322.40 -2.00 0.001793
284334.50 5036322.40 -2.00 0.001784
284214.50 5036342.40 -2.00 0.001775
284234.50 5036342.40 -2.00 0.001839
284254.50 5036342.40 -2.00 0.001857
284274.50 5036342.40 -2.00 0.002043
284294.50 5036342.40 -2.00 0.001829
284314.50 5036342.40 -2.00 0.001794
284334.50 5036342.40 -2.00 0.001779
