0.006552
0.010186
0.006288
0.002397
0.001213
-0.004112
-0.005184
0.001722
0.002874
0.008840
0.015919
0.013483
0.016298
0.022622
0.010683
0.002558
0.003135
-0.007119
-0.010198
-0.005969
0.000267
0.024754
0.052318
0.042057
0.017081
0.004333
0.004455
-0.010586
-0.014776
-0.021279
-0.017283
-0.011525
0.003320
0.017677
0.024209
0.016026
0.010534
0.005982
0.004069
0.003212
0.001488
0.001936
0.002436
0.003020
0.003516
0.003962
0.004798
0.007945
-0.013737
-0.020405
-0.026398
-0.030553
-0.044676
-0.039225
-0.031097
-0.023010
-0.016244
0.011549
0.008424
0.006560
0.005131
0.004037
0.003280
0.002722
0.004215
0.005024
0.007693
0.012785
-0.017094
-0.023296
-0.032088
-0.044125
-0.058825
-0.069907
-0.133084
-0.091045
-0.058795
-0.040312
-0.029025
-0.021553
-0.016425
-0.012789
0.010142
0.008231
0.006831
0.005776
-0.007233
-0.008482
-0.010168
-0.012351
-0.015227
-0.019169
-0.024705
-0.032768
-0.045505
-0.068823
-0.125742
-0.524936
0.003407
0.004980
0.010290
0.014214
0.013795
0.005167
0.032007
0.034061
0.014693
0.010414
0.001681
0.002197
0.002784
0.003559
0.003854
0.004192
0.006555
0.003311
0.010070
0.022294
0.024256
0.019419
0.012930
