# X Y Z i
284214.50 5036142.40 -30.00 0.000698
284234.50 5036142.40 -30.00 0.001423
284254.50 5036142.40 -30.00 0.001716
284274.50 5036142.40 -30.00 0.001931
284294.50 5036142.40 -30.00 0.001365
284314.50 5036142.40 -30.00 0.000006
284334.50 5036142.40 -30.00 0.001374
284214.50 5036162.40 -30.00 0.000764
284234.50 5036162.40 -30.00 0.001892
284254.50 5036162.40 -30.00 0.002090
284274.50 5036162.40 -30.00 0.002319
284294.50 5036162.40 -30.00 0.002877
284314.50 5036162.40 -30.00 0.002712
284334.50 5036162.40 -30.00 0.002008
284214.50 5036182.40 -30.00 0.001556
284234.50 5036182.40 -30.00 0.002448
284254.50 5036182.40 -30.00 0.001841
284274.50 5036182.40 -30.00 0.001843
284294.50 5036182.40 -30.00 0.001929
284314.50 5036182.40 -30.00 0.002056
284334.50 5036182.40 -30.00 0.002106
284214.50 5036202.40 -30.00 0.001385
284234.50 5036202.40 -30.00 0.001335
284254.50 5036202.40 -30.00 0.001330
284274.50 5036202.40 -30.00 0.002093
284294.50 5036202.40 -30.00 0.001927
284314.50 5036202.40 -30.00 0.001820
284334.50 5036202.40 -30.00 0.002014
284214.50 5036222.40 -30.00 0.000686
284234.50 5036222.40 -30.00 0.001004
284254.50 5036222.40 -30.00 0.001106
284274.50 5036222.40 -30.00 0.002099
284294.50 5036222.40 -30.00 0.002202
284314.50 5036222.40 -30.00 0.001762
284334.50 5036222.40 -30.00 0.002119
284214.50 5036242.40 -30.00 0.000430
284234.50 5036242.40 -30.00 0.000094
284254.50 5036242.40 -30.00 0.001686
284274.50 5036242.40 -30.00 0.001227
284294.50 5036242.40 -30.00 0.000908
284314.50 5036242.40 -30.00 0.002097
284334.50 5036242.40 -30.00 0.001837
284214.50 5036262.40 -30.00 0.001235
284234.50 5036262.40 -30.00 0.001231
284254.50 5036262.40 -30.00 0.001223
284274.50 5036262.40 -30.00 0.000156
284294.50 5036262.40 -30.00 0.001574
284314.50 5036262.40 -30.00 0.001712
284334.50 5036262.40 -30.00 0.001791
284214.50 5036282.40 -30.00 0.000926
284234.50 5036282.40 -30.00 0.000156
284254.50 5036282.40 -30.00 0.001299
284274.50 5036282.40 -30.00 0.001642
284294.50 5036282.40 -30.00 0.001770
284314.50 5036282.40 -30.00 0.002472
284334.50 5036282.40 -30.00 0.002430
284214.50 5036302.40 -30.00 0.001525
284234.50 5036302.40 -30.00 0.001582
284254.50 5036302.40 -30.00 0.001622
284274.50 5036302.40 -30.00 0.001810
284294.50 5036302.40 -30.00 0.001767
284314.50 5036302.40 -30.00 0.001798
284334.50 5036302.40 -30.00 0.001814
284214.50 5036322.40 -30.00 0.001581
284234.50 5036322.40 -30.00 0.001874
284254.50 5036322.40 -30.00 0.001860
284274.50 5036322.40 -30.00 0.001828
284294.50 5036322.40 -30.00 0.001803
284314.50 5036322.40 -30.00 0.001793
284334.50 5036322.40 -30.00 0.001788
284214.50 5036342.40 -30.00 0.001838
284234.50 5036342.40 -30.00 0.001930
284254.50 5036342.40 -30.00 0.001958
284274.50 5036342.40 -30.00 0.001863
284294.50 5036342.40 -30.00 0.001811
284314.50 5036342.40 -30.00 0.001790
284334.50 5036342.40 -30.00 0.001777
284214.50 5036142.40 -26.00 0.000699
284234.50 5036142.40 -26.00 0.001425
284254.50 5036142.40 -26.00 0.001720
284274.50 5036142.40 -26.00 0.001938
284294.50 5036142.40 -26.00 0.001368
284314.50 5036142.40 -26.00 0.000009
284334.50 5036142.40 -26.00 0.001378
284214.50 5036162.40 -26.00 0.000764
284234.50 5036162.40 -26.00 0.001897
284254.50 5036162.40 -26.00 0.002098
284274.50 5036162.40 -26.00 0.002333
284294.50 5036162.40 -26.00 0.002897
284314.50 5036162.40 -26.00 0.002727
284334.50 5036162.40 -26.00 0.002015
284214.50 5036182.40 -26.00 0.001553
284234.50 5036182.40 -26.00 0.002449
284254.50 5036182.40 -26.00 0.001847
284274.50 5036182.40 -26.00 0.001856
284294.50 5036182.40 -26.00 0.001948
284314.50 5036182.40 -26.00 0.002074
284334.50 5036182.40 -26.00 0.002115
284214.50 5036202.40 -26.00 0.001372
284234.50 5036202.40 -26.00 0.001310
284254.50 5036202.40 -26.00 0.001316
284274.50 5036202.40 -26.00 0.002102
284294.50 5036202.40 -26.00 0.001947
284314.50 5036202.40 -26.00 0.001835
284334.50 5036202.40 -26.00 0.002024
284214.50 5036222.40 -26.00 0.000640
284234.50 5036222.40 -26.00 0.000924
284254.50 5036222.40 -26.00 0.001047
284274.50 5036222.40 -26.00 0.002109
284294.50 5036222.40 -26.00 0.002234
284314.50 5036222.40 -26.00 0.001779
284334.50 5036222.40 -26.00 0.002130
284214.50 5036242.40 -26.00 0.000370
284234.50 5036242.40 -26.00 0.000070
284254.50 5036242.40 -26.00 0.001693
284274.50 5036242.40 -26.00 0.001222
284294.50 5036242.40 -26.00 0.000912
284314.50 5036242.40 -26.00 0.002104
284334.50 5036242.40 -26.00 0.001846
284214.50 5036262.40 -26.00 0.001216
284234.50 5036262.40 -26.00 0.001215
284254.50 5036262.40 -26.00 0.001213
284274.50 5036262.40 -26.00 0.000123
284294.50 5036262.40 -26.00 0.001579
284314.50 5036262.40 -26.00 0.001725
284334.50 5036262.40 -26.00 0.001797
284214.50 5036282.40 -26.00 0.000925
284234.50 5036282.40 -26.00 0.000155
284254.50 5036282.40 -26.00 0.001296
284274.50 5036282.40 -26.00 0.001642
284294.50 5036282.40 -26.00 0.001772
284314.50 5036282.40 -26.00 0.002455
284334.50 5036282.40 -26.00 0.002432
284214.50 5036302.40 -26.00 0.001525
284234.50 5036302.40 -26.00 0.001582
284254.50 5036302.40 -26.00 0.001621
284274.50 5036302.40 -26.00 0.001816
284294.50 5036302.40 -26.00 0.001769
284314.50 5036302.40 -26.00 0.001799
284334.50 5036302.40 -26.00 0.001815
284214.50 5036322.40 -26.00 0.001578
284234.50 5036322.40 -26.00 0.001878
284254.50 5036322.40 -26.00 0.001863
284274.50 5036322.40 -26.00 0.001829
284294.50 5036322.40 -26.00 0.001804
284314.50 5036322.40 -26.00 0.001793
284334.50 5036322.40 -26.00 0.001788
284214.50 5036342.40 -26.00 0.001842
284234.50 5036342.40 -26.00 0.001934
284254.50 5036342.40 -26.00 0.001961
284274.50 5036342.40 -26.00 0.001865
284294.50 5036342.40 -26.00 0.001812
284314.50 5036342.40 -26.00 0.001790
284334.50 5036342.40 -26.00 0.001778
284214.50 5036142.40 -22.00 0.000699
284234.50 5036142.40 -22.00 0.001424
284254.50 5036142.40 -22.00 0.001722
284274.50 5036142.40 -22.00 0.001942
284294.50 5036142.40 -22.00 0.001377
284314.50 5036142.40 -22.00 0.000015
284334.50 5036142.40 -22.00 0.001379
284214.50 5036162.40 -22.00 0.000763
284234.50 5036162.40 -22.00 0.001895
284254.50 5036162.40 -22.00 0.002103
284274.50 5036162.40 -22.00 0.002344
284294.50 5036162.40 -22.00 0.002906
284314.50 5036162.40 -22.00 0.002732
284334.50 5036162.40 -22.00 0.002019
284214.50 5036182.40 -22.00 0.001548
284234.50 5036182.40 -22.00 0.002443
284254.50 5036182.40 -22.00 0.001848
284274.50 5036182.40 -22.00 0.001868
284294.50 5036182.40 -22.00 0.001964
284314.50 5036182.40 -22.00 0.002087
284334.50 5036182.40 -22.00 0.002122
284214.50 5036202.40 -22.00 0.001354
284234.50 5036202.40 -22.00 0.001286
284254.50 5036202.40 -22.00 0.001298
284274.50 5036202.40 -22.00 0.002105
284294.50 5036202.40 -22.00 0.001964
284314.50 5036202.40 -22.00 0.001853
284334.50 5036202.40 -22.00 0.002033
284214.50 5036222.40 -22.00 0.000618
284234.50 5036222.40 -22.00 0.000863
284254.50 5036222.40 -22.00 0.000964
284274.50 5036222.40 -22.00 0.002109
284294.50 5036222.40 -22.00 0.002256
284314.50 5036222.40 -22.00 0.001791
284334.50 5036222.40 -22.00 0.002139
284214.50 5036242.40 -22.00 0.000347
284234.50 5036242.40 -22.00 0.000091
284254.50 5036242.40 -22.00 0.001696
284274.50 5036242.40 -22.00 0.001218
284294.50 5036242.40 -22.00 0.000912
284314.50 5036242.40 -22.00 0.002107
284334.50 5036242.40 -22.00 0.001852
284214.50 5036262.40 -22.00 0.001212
284234.50 5036262.40 -22.00 0.001211
284254.50 5036262.40 -22.00 0.001211
284274.50 5036262.40 -22.00 0.000116
284294.50 5036262.40 -22.00 0.001533
284314.50 5036262.40 -22.00 0.001735
284334.50 5036262.40 -22.00 0.001802
284214.50 5036282.40 -22.00 0.000938
284234.50 5036282.40 -22.00 0.000063
284254.50 5036282.40 -22.00 0.001305
284274.50 5036282.40 -22.00 0.001643
284294.50 5036282.40 -22.00 0.001769
284314.50 5036282.40 -22.00 0.002469
284334.50 5036282.40 -22.00 0.002436
284214.50 5036302.40 -22.00 0.001525
284234.50 5036302.40 -22.00 0.001582
284254.50 5036302.40 -22.00 0.001623
284274.50 5036302.40 -22.00 0.001817
284294.50 5036302.40 -22.00 0.001770
284314.50 5036302.40 -22.00 0.001800
284334.50 5036302.40 -22.00 0.001816
284214.50 5036322.40 -22.00 0.001580
284234.50 5036322.40 -22.00 0.001881
284254.50 5036322.40 -22.00 0.001863
284274.50 5036322.40 -22.00 0.001829
284294.50 5036322.40 -22.00 0.001804
284314.50 5036322.40 -22.00 0.001794
284334.50 5036322.40 -22.00 0.001788
284214.50 5036342.40 -22.00 0.001844
284234.50 5036342.40 -22.00 0.001933
284254.50 5036342.40 -22.00 0.001960
284274.50 5036342.40 -22.00 0.001864
284294.50 5036342.40 -22.00 0.001812
284314.50 5036342.40 -22.00 0.001790
284334.50 5036342.40 -22.00 0.001777
284214.50 5036142.40 -18.00 0.000700
284234.50 5036142.40 -18.00 0.001429
284254.50 5036142.40 -18.00 0.001730
284274.50 5036142.40 -18.00 0.001961
284294.50 5036142.40 -18.00 0.001361
284314.50 5036142.40 -18.00 0.000007
284334.50 5036142.40 -18.00 0.001384
284214.50 5036162.40 -18.00 0.000766
284234.50 5036162.40 -18.00 0.001905
284254.50 5036162.40 -18.00 0.002123
284274.50 5036162.40 -18.00 0.002383
284294.50 5036162.40 -18.00 0.002976
284314.50 5036162.40 -18.00 0.002776
284334.50 5036162.40 -18.00 0.002030
284214.50 5036182.40 -18.00 0.001559
284234.50 5036182.40 -18.00 0.002469
284254.50 5036182.40 -18.00 0.001874
284274.50 5036182.40 -18.00 0.001901
284294.50 5036182.40 -18.00 0.002000
284314.50 5036182.40 -18.00 0.002126
284334.50 5036182.40 -18.00 0.002137
284214.50 5036202.40 -18.00 0.001345
284234.50 5036202.40 -18.00 0.001256
284254.50 5036202.40 -18.00 0.001289
284274.50 5036202.40 -18.00 0.002146
284294.50 5036202.40 -18.00 0.002006
284314.50 5036202.40 -18.00 0.001886
284334.50 5036202.40 -18.00 0.002046
284214.50 5036222.40 -18.00 0.000519
284234.50 5036222.40 -18.00 0.000676
284254.50 5036222.40 -18.00 0.000848
284274.50 5036222.40 -18.00 0.002128
284294.50 5036222.40 -18.00 0.002332
284314.50 5036222.40 -18.00 0.001827
284334.50 5036222.40 -18.00 0.002159
284214.50 5036242.40 -18.00 0.000213
284234.50 5036242.40 -18.00 0.000058
284254.50 5036242.40 -18.00 0.001695
284274.50 5036242.40 -18.00 0.001216
284294.50 5036242.40 -18.00 0.000927
284314.50 5036242.40 -18.00 0.002131
284334.50 5036242.40 -18.00 0.001864
284214.50 5036262.40 -18.00 0.001194
284234.50 5036262.40 -18.00 0.001199
284254.50 5036262.40 -18.00 0.001215
284274.50 5036262.40 -18.00 0.000108
284294.50 5036262.40 -18.00 0.001509
284314.50 5036262.40 -18.00 0.001743
284334.50 5036262.40 -18.00 0.001809
284214.50 5036282.40 -18.00 0.000887
284234.50 5036282.40 -18.00 0.000040
284254.50 5036282.40 -18.00 0.001273
284274.50 5036282.40 -18.00 0.001644
284294.50 5036282.40 -18.00 0.001771
284314.50 5036282.40 -18.00 0.002468
284334.50 5036282.40 -18.00 0.002439
284214.50 5036302.40 -18.00 0.001525
284234.50 5036302.40 -18.00 0.001582
284254.50 5036302.40 -18.00 0.001620
284274.50 5036302.40 -18.00 0.001811
284294.50 5036302.40 -18.00 0.001772
284314.50 5036302.40 -18.00 0.001802
284334.50 5036302.40 -18.00 0.001818
284214.50 5036322.40 -18.00 0.001577
284234.50 5036322.40 -18.00 0.001886
284254.50 5036322.40 -18.00 0.001869
284274.50 5036322.40 -18.00 0.001832
284294.50 5036322.40 -18.00 0.001804
284314.50 5036322.40 -18.00 0.001795
284334.50 5036322.40 -18.00 0.001789
284214.50 5036342.40 -18.00 0.001849
284234.50 5036342.40 -18.00 0.001946
284254.50 5036342.40 -18.00 0.001975
284274.50 5036342.40 -18.00 0.001869
284294.50 5036342.40 -18.00 0.001814
284314.50 5036342.40 -18.00 0.001790
284334.50 5036342.40 -18.00 0.001779
284214.50 5036142.40 -14.00 0.000700
284234.50 5036142.40 -14.00 0.001429
284254.50 5036142.40 -14.00 0.001733
284274.50 5036142.40 -14.00 0.001968
284294.50 5036142.40 -14.00 0.001366
284314.50 5036142.40 -14.00 0.000010
284334.50 5036142.40 -14.00 0.001385
284214.50 5036162.40 -14.00 0.000766
284234.50 5036162.40 -14.00 0.001908
284254.50 5036162.40 -14.00 0.002132
284274.50 5036162.40 -14.00 0.002405
284294.50 5036162.40 -14.00 0.003003
284314.50 5036162.40 -14.00 0.002795
284334.50 5036162.40 -14.00 0.002034
284214.50 5036182.40 -14.00 0.001556
284234.50 5036182.40 -14.00 0.002471
284254.50 5036182.40 -14.00 0.001887
284274.50 5036182.40 -14.00 0.001922
284294.50 5036182.40 -14.00 0.002027
284314.50 5036182.40 -14.00 0.002149
284334.50 5036182.40 -14.00 0.002145
284214.50 5036202.40 -14.00 0.001328
284234.50 5036202.40 -14.00 0.001227
284254.50 5036202.40 -14.00 0.001274
284274.50 5036202.40 -14.00 0.002165
284294.50 5036202.40 -14.00 0.002034
284314.50 5036202.40 -14.00 0.001908
284334.50 5036202.40 -14.00 0.002058
284214.50 5036222.40 -14.00 0.000482
284234.50 5036222.40 -14.00 0.000633
284254.50 5036222.40 -14.00 0.000733
284274.50 5036222.40 -14.00 0.002122
284294.50 5036222.40 -14.00 0.002375
284314.50 5036222.40 -14.00 0.001844
284334.50 5036222.40 -14.00 0.002171
284214.50 5036242.40 -14.00 0.000170
284234.50 5036242.40 -14.00 0.000069
284254.50 5036242.40 -14.00 0.001670
284274.50 5036242.40 -14.00 0.001211
284294.50 5036242.40 -14.00 0.000931
284314.50 5036242.40 -14.00 0.002151
284334.50 5036242.40 -14.00 0.001875
284214.50 5036262.40 -14.00 0.001193
284234.50 5036262.40 -14.00 0.001193
284254.50 5036262.40 -14.00 0.001213
284274.50 5036262.40 -14.00 0.000105
284294.50 5036262.40 -14.00 0.001419
284314.50 5036262.40 -14.00 0.001755
284334.50 5036262.40 -14.00 0.001813
284214.50 5036282.40 -14.00 0.000897
284234.50 5036282.40 -14.00 0.000036
284254.50 5036282.40 -14.00 0.001269
284274.50 5036282.40 -14.00 0.001643
284294.50 5036282.40 -14.00 0.001770
284314.50 5036282.40 -14.00 0.002461
284334.50 5036282.40 -14.00 0.002441
284214.50 5036302.40 -14.00 0.001526
284234.50 5036302.40 -14.00 0.001581
284254.50 5036302.40 -14.00 0.001620
284274.50 5036302.40 -14.00 0.001818
284294.50 5036302.40 -14.00 0.001773
284314.50 5036302.40 -14.00 0.001803
284334.50 5036302.40 -14.00 0.001818
284214.50 5036322.40 -14.00 0.001576
284234.50 5036322.40 -14.00 0.001887
284254.50 5036322.40 -14.00 0.001870
284274.50 5036322.40 -14.00 0.001833
284294.50 5036322.40 -14.00 0.001806
284314.50 5036322.40 -14.00 0.001795
284334.50 5036322.40 -14.00 0.001790
284214.50 5036342.40 -14.00 0.001849
284234.50 5036342.40 -14.00 0.001947
284254.50 5036342.40 -14.00 0.001979
284274.50 5036342.40 -14.00 0.001869
284294.50 5036342.40 -14.00 0.001814
284314.50 5036342.40 -14.00 0.001791
284334.50 5036342.40 -14.00 0.001779
284214.50 5036142.40 -10.00 0.000699
284234.50 5036142.40 -10.00 0.001432
284254.50 5036142.40 -10.00 0.001740
284274.50 5036142.40 -10.00 0.001987
284294.50 5036142.40 -10.00 0.001337
284314.50 5036142.40 -10.00 0.000001
284334.50 5036142.40 -10.00 0.001387
284214.50 5036162.40 -10.00 0.000768
284234.50 5036162.40 -10.00 0.001917
284254.50 5036162.40 -10.00 0.002153
284274.50 5036162.40 -10.00 0.002451
284294.50 5036162.40 -10.00 0.003087
284314.50 5036162.40 -10.00 0.002841
284334.50 5036162.40 -10.00 0.002044
284214.50 5036182.40 -10.00 0.001569
284234.50 5036182.40 -10.00 0.002501
284254.50 5036182.40 -10.00 0.001920
284274.50 5036182.40 -10.00 0.001959
284294.50 5036182.40 -10.00 0.002068
284314.50 5036182.40 -10.00 0.002191
284334.50 5036182.40 -10.00 0.002161
284214.50 5036202.40 -10.00 0.001320
284234.50 5036202.40 -10.00 0.001197
284254.50 5036202.40 -10.00 0.001269
284274.50 5036202.40 -10.00 0.002214
284294.50 5036202.40 -10.00 0.002082
284314.50 5036202.40 -10.00 0.001944
284334.50 5036202.40 -10.00 0.002073
284214.50 5036222.40 -10.00 0.000384
284234.50 5036222.40 -10.00 0.000397
284254.50 5036222.40 -10.00 0.000622
284274.50 5036222.40 -10.00 0.002141
284294.50 5036222.40 -10.00 0.002456
284314.50 5036222.40 -10.00 0.001881
284334.50 5036222.40 -10.00 0.002192
284214.50 5036242.40 -10.00 0.000042
284234.50 5036242.40 -10.00 0.000053
284254.50 5036242.40 -10.00 0.001671
284274.50 5036242.40 -10.00 0.001212
284294.50 5036242.40 -10.00 0.000925
284314.50 5036242.40 -10.00 0.002177
284334.50 5036242.40 -10.00 0.001887
284214.50 5036262.40 -10.00 0.001185
284234.50 5036262.40 -10.00 0.001180
284254.50 5036262.40 -10.00 0.001213
284274.50 5036262.40 -10.00 0.000096
284294.50 5036262.40 -10.00 0.001392
284314.50 5036262.40 -10.00 0.001762
284334.50 5036262.40 -10.00 0.001820
284214.50 5036282.40 -10.00 0.000767
284234.50 5036282.40 -10.00 0.000000
284254.50 5036282.40 -10.00 0.001252
284274.50 5036282.40 -10.00 0.001647
284294.50 5036282.40 -10.00 0.001770
284314.50 5036282.40 -10.00 0.002468
284334.50 5036282.40 -10.00 0.002443
284214.50 5036302.40 -10.00 0.001526
284234.50 5036302.40 -10.00 0.001581
284254.50 5036302.40 -10.00 0.001619
284274.50 5036302.40 -10.00 0.001818
284294.50 5036302.40 -10.00 0.001774
284314.50 5036302.40 -10.00 0.001805
284334.50 5036302.40 -10.00 0.001821
284214.50 5036322.40 -10.00 0.001574
284234.50 5036322.40 -10.00 0.001897
284254.50 5036322.40 -10.00 0.001876
284274.50 5036322.40 -10.00 0.001836
284294.50 5036322.40 -10.00 0.001807
284314.50 5036322.40 -10.00 0.001796
284334.50 5036322.40 -10.00 0.001790
284214.50 5036342.40 -10.00 0.001855
284234.50 5036342.40 -10.00 0.001963
284254.50 5036342.40 -10.00 0.001992
284274.50 5036342.40 -10.00 0.001874
284294.50 5036342.40 -10.00 0.001815
284314.50 5036342.40 -10.00 0.001791
284334.50 5036342.40 -10.00 0.001780
284214.50 5036142.40 -6.00 0.000699
284234.50 5036142.40 -6.00 0.001433
284254.50 5036142.40 -6.00 0.001742
284274.50 5036142.40 -6.00 0.001993
284294.50 5036142.40 -6.00 0.001332
284314.50 5036142.40 -6.00 0.000004
284334.50 5036142.40 -6.00 0.001389
284214.50 5036162.40 -6.00 0.000767
284234.50 5036162.40 -6.00 0.001918
284254.50 5036162.40 -6.00 0.002163
284274.50 5036162.40 -6.00 0.002476
284294.50 5036162.40 -6.00 0.003126
284314.50 5036162.40 -6.00 0.002865
284334.50 5036162.40 -6.00 0.002046
284214.50 5036182.40 -6.00 0.001568
284234.50 5036182.40 -6.00 0.002508
284254.50 5036182.40 -6.00 0.001936
284274.50 5036182.40 -6.00 0.001985
284294.50 5036182.40 -6.00 0.002096
284314.50 5036182.40 -6.00 0.002215
284334.50 5036182.40 -6.00 0.002166
284214.50 5036202.40 -6.00 0.001308
284234.50 5036202.40 -6.00 0.001178
284254.50 5036202.40 -6.00 0.001263
284274.50 5036202.40 -6.00 0.002242
284294.50 5036202.40 -6.00 0.002113
284314.50 5036202.40 -6.00 0.001962
284334.50 5036202.40 -6.00 0.002087
284214.50 5036222.40 -6.00 0.000369
284234.50 5036222.40 -6.00 0.000245
284254.50 5036222.40 -6.00 0.000512
284274.50 5036222.40 -6.00 0.002160
284294.50 5036222.40 -6.00 0.002499
284314.50 5036222.40 -6.00 0.001897
284334.50 5036222.40 -6.00 0.002204
284214.50 5036242.40 -6.00 0.000031
284234.50 5036242.40 -6.00 0.000043
284254.50 5036242.40 -6.00 0.001649
284274.50 5036242.40 -6.00 0.001209
284294.50 5036242.40 -6.00 0.000952
284314.50 5036242.40 -6.00 0.002195
284334.50 5036242.40 -6.00 0.001896
284214.50 5036262.40 -6.00 0.001183
284234.50 5036262.40 -6.00 0.001178
284254.50 5036262.40 -6.00 0.001209
284274.50 5036262.40 -6.00 0.000097
284294.50 5036262.40 -6.00 0.001398
284314.50 5036262.40 -6.00 0.001771
284334.50 5036262.40 -6.00 0.001822
284214.50 5036282.40 -6.00 0.000782
284234.50 5036282.40 -6.00 0.000009
284254.50 5036282.40 -6.00 0.001148
284274.50 5036282.40 -6.00 0.001646
284294.50 5036282.40 -6.00 0.001769
284314.50 5036282.40 -6.00 0.002453
284334.50 5036282.40 -6.00 0.002444
284214.50 5036302.40 -6.00 0.001526
284234.50 5036302.40 -6.00 0.001581
284254.50 5036302.40 -6.00 0.001617
284274.50 5036302.40 -6.00 0.001817
284294.50 5036302.40 -6.00 0.001774
284314.50 5036302.40 -6.00 0.001805
284334.50 5036302.40 -6.00 0.001821
284214.50 5036322.40 -6.00 0.001573
284234.50 5036322.40 -6.00 0.001893
284254.50 5036322.40 -6.00 0.001876
284274.50 5036322.40 -6.00 0.001836
284294.50 5036322.40 -6.00 0.001807
284314.50 5036322.40 -6.00 0.001796
284334.50 5036322.40 -6.00 0.001791
284214.50 5036342.40 -6.00 0.001854
284234.50 5036342.40 -6.00 0.001960
284254.50 5036342.40 -6.00 0.001991
284274.50 5036342.40 -6.00 0.001873
284294.50 5036342.40 -6.00 0.001815
284314.50 5036342.40 -6.00 0.001792
284334.50 5036342.40 -6.00 0.001779
284214.50 5036142.40 -2.00 0.000699
284234.50 5036142.40 -2.00 0.001434
284254.50 5036142.40 -2.00 0.001744
284274.50 5036142.40 -2.00 0.001997
284294.50 5036142.40 -2.00 0.001308
284314.50 5036142.40 -2.00 0.000000
284334.50 5036142.40 -2.00 0.001389
284214.50 5036162.40 -2.00 0.000767
284234.50 5036162.40 -2.00 0.001920
284254.50 5036162.40 -2.00 0.002174
284274.50 5036162.40 -2.00 0.002514
284294.50 5036162.40 -2.00 0.003200
284314.50 5036162.40 -2.00 0.002902
284334.50 5036162.40 -2.00 0.002049
284214.50 5036182.40 -2.00 0.001571
284234.50 5036182.40 -2.00 0.002532
284254.50 5036182.40 -2.00 0.001978
284274.50 5036182.40 -2.00 0.002038
284294.50 5036182.40 -2.00 0.002127
284314.50 5036182.40 -2.00 0.002246
284334.50 5036182.40 -2.00 0.002172
284214.50 5036202.40 -2.00 0.001305
284234.50 5036202.40 -2.00 0.001165
284254.50 5036202.40 -2.00 0.001268
284274.50 5036202.40 -2.00 0.002295
284294.50 5036202.40 -2.00 0.002148
284314.50 5036202.40 -2.00 0.001985
284334.50 5036202.40 -2.00 0.002110
284214.50 5036222.40 -2.00 0.000344
284234.50 5036222.40 -2.00 0.000001
284254.50 5036222.40 -2.00 0.000370
284274.50 5036222.40 -2.00 0.002161
284294.50 5036222.40 -2.00 0.002560
284314.50 5036222.40 -2.00 0.001916
284334.50 5036222.40 -2.00 0.002217
284214.50 5036242.40 -2.00 0.000000
284234.50 5036242.40 -2.00 0.000042
284254.50 5036242.40 -2.00 0.001640
284274.50 5036242.40 -2.00 0.001208
284294.50 5036242.40 -2.00 0.000934
284314.50 5036242.40 -2.00 0.002213
284334.50 5036242.40 -2.00 0.001906
284214.50 5036262.40 -2.00 0.001178
284234.50 5036262.40 -2.00 0.001175
284254.50 5036262.40 -2.00 0.001208
284274.50 5036262.40 -2.00 0.000096
284294.50 5036262.40 -2.00 0.001396
284314.50 5036262.40 -2.00 0.001772
284334.50 5036262.40 -2.00 0.001825
284214.50 5036282.40 -2.00 0.000770
284234.50 5036282.40 -2.00 0.000004
284254.50 5036282.40 -2.00 0.001145
284274.50 5036282.40 -2.00 0.001647
284294.50 5036282.40 -2.00 0.001774
284314.50 5036282.40 -2.00 0.002468
284334.50 5036282.40 -2.00 0.002445
284214.50 5036302.40 -2.00 0.001527
284234.50 5036302.40 -2.00 0.001581
284254.50 5036302.40 -2.00 0.001618
284274.50 5036302.40 -2.00 0.001816
284294.50 5036302.40 -2.00 0.001775
284314.50 5036302.40 -2.00 0.001805
284334.50 5036302.40 -2.00 0.001821
284214.50 5036322.40 -2.00 0.001573
284234.50 5036322.40 -2.00 0.001894
284254.50 5036322.40 -2.00 0.001877
284274.50 5036322.40 -2.00 0.001836
284294.50 5036322.40 -2.00 0.001808
284314.50 5036322.40 -2.00 0.001796
284334.50 5036322.40 -2.00 0.001791
284214.50 5036342.40 -2.00 0.001856
284234.50 5036342.40 -2.00 0.001962
284254.50 5036342.40 -2.00 0.001994
284274.50 5036342.40 -2.00 0.001874
284294.50 5036342.40 -2.00 0.001815
284314.50 5036342.40 -2.00 0.001792
284334.50 5036342.40 -2.00 0.001779
