0.003449
-0.002782
0.000426
0.000048
-0.003451
-0.004004
-0.006477
-0.007292
0.000000
0.002484
-0.005285
0.004198
0.004975
0.003840
0.001366
-0.000313
-0.005445
-0.008902
-0.005600
-0.004655
-0.001997
0.003654
0.005769
0.005072
0.001711
-0.001480
0.001117
-0.008518
-0.010613
-0.010934
-0.009770
-0.007937
-0.013432
0.002394
0.003282
0.004368
0.003734
0.002971
0.002805
-0.000212
-0.011649
0.002255
0.002705
0.002501
0.002210
0.001291
-0.000779
-0.004392
-0.004197
-0.009872
-0.013261
-0.016161
-0.018641
-0.021117
-0.017224
-0.016608
-0.007278
-0.005108
-0.003145
-0.001113
-0.001234
-0.004562
0.000996
-0.001104
-0.001287
-0.000589
-0.001282
-0.007012
-0.011235
-0.009859
-0.015725
-0.015739
-0.021465
-0.026048
-0.034191
-0.024417
-0.018713
-0.015196
-0.012003
-0.007809
-0.006126
-0.005269
-0.003137
-0.002463
-0.002126
-0.002422
-0.003546
-0.003299
-0.004012
-0.005209
-0.006310
-0.008596
-0.009238
-0.012444
-0.015035
-0.023272
-0.031626
-1.027860
0.002728
0.003750
0.004367
0.003537
0.001443
0.002902
0.003777
0.005874
0.004727
0.003983
0.000604
0.002811
0.002236
0.002480
0.002401
-0.002521
-0.001430
-0.003457
0.000034
0.003526
0.003543
0.002456
-0.002618